data 32 40
-5.53777e-08            1  2.87212e-08
    0.705667     0.712466  2.87212e-08
           1 -0.000909919  2.87212e-08
     0.71298    -0.707007  2.87212e-08
-5.53777e-08           -1  2.87212e-08
    0.570897     0.712466     0.436126
    0.809017 -0.000909919     0.618034
    0.576813    -0.707007     0.440646
    0.218063     0.712466     0.705667
    0.309017 -0.000909919            1
    0.220323    -0.707007      0.71298
   -0.218063     0.712466     0.705667
   -0.309017 -0.000909919            1
   -0.220323    -0.707007      0.71298
   -0.570897     0.712466     0.436126
   -0.809017 -0.000909919     0.618034
   -0.576813    -0.707007     0.440646
   -0.705668     0.712466  -3.6145e-08
          -1 -0.000909919 -6.32006e-08
    -0.71298    -0.707007 -3.68172e-08
   -0.570897     0.712466    -0.436126
   -0.809017 -0.000909919    -0.618034
   -0.576813    -0.707007    -0.440646
   -0.218063     0.712466    -0.705667
   -0.309017 -0.000909919           -1
   -0.220323    -0.707007     -0.71298
    0.218064     0.712466    -0.705667
    0.309018 -0.000909919           -1
    0.220323    -0.707007     -0.71298
    0.570897     0.712466    -0.436126
    0.809018 -0.000909919    -0.618033
    0.576813    -0.707007    -0.440645
3	     1     2     6
4	     2     3     7     6
4	     3     4     8     7
3	     4     5     8
3	     1     6     9
4	     6     7    10     9
4	     7     8    11    10
3	     8     5    11
3	     1     9    12
4	     9    10    13    12
4	    10    11    14    13
3	    11     5    14
3	     1    12    15
4	    12    13    16    15
4	    13    14    17    16
3	    14     5    17
3	     1    15    18
4	    15    16    19    18
4	    16    17    20    19
3	    17     5    20
3	     1    18    21
4	    18    19    22    21
4	    19    20    23    22
3	    20     5    23
3	     1    21    24
4	    21    22    25    24
4	    22    23    26    25
3	    23     5    26
3	     1    24    27
4	    24    25    28    27
4	    25    26    29    28
3	    26     5    29
3	     1    27    30
4	    27    28    31    30
4	    28    29    32    31
3	    29     5    32
3	     1    30     2
4	    30    31     3     2
4	    31    32     4     3
3	    32     5     4

