data 266 288
-5.53777e-08            1 -5.13318e-09
    0.248639     0.967183 -5.13318e-09
    0.502722     0.870556 -5.13318e-09
    0.705989     0.719234 -5.13318e-09
    0.862069     0.511395 -5.13318e-09
    0.963703     0.261623 -5.13318e-09
           1  -0.00273473 -5.13318e-09
    0.965517      -0.2598 -5.13318e-09
    0.869329    -0.498633 -5.13318e-09
    0.711434    -0.701003 -5.13318e-09
    0.497278    -0.868733 -5.13318e-09
    0.255898     -0.97083 -5.13318e-09
-5.53777e-08           -1 -5.13318e-09
    0.240167     0.967183    0.0643525
    0.485593     0.870556     0.130114
    0.681933     0.719234     0.182723
    0.832695     0.511395      0.22312
    0.930865     0.261623     0.249425
    0.965926  -0.00273473     0.258819
    0.932618      -0.2598     0.249894
    0.839707    -0.498633     0.224999
    0.687192    -0.701003     0.184133
    0.480333    -0.868733     0.128705
    0.247179     -0.97083    0.0662314
    0.215328     0.967183     0.124319
     0.43537     0.870556     0.251361
    0.611405     0.719234     0.352995
    0.746574     0.511395     0.431035
    0.834591     0.261623     0.481851
    0.866026  -0.00273473          0.5
    0.836163      -0.2598     0.482759
    0.752861    -0.498633     0.434664
     0.61612    -0.701003     0.355717
    0.430655    -0.868733     0.248639
    0.221614     -0.97083     0.127949
    0.175814     0.967183     0.175814
    0.355478     0.870556     0.355478
     0.49921     0.719234      0.49921
    0.609575     0.511395     0.609575
    0.681441     0.261623     0.681441
    0.707107  -0.00273473     0.707107
    0.682724      -0.2598     0.682724
    0.614708    -0.498633     0.614708
     0.50306    -0.701003      0.50306
    0.351628    -0.868733     0.351629
    0.180947     -0.97083     0.180947
    0.124319     0.967183     0.215328
    0.251361     0.870556      0.43537
    0.352995     0.719234     0.611405
    0.431035     0.511395     0.746574
    0.481851     0.261623     0.834591
         0.5  -0.00273473     0.866026
    0.482759      -0.2598     0.836163
    0.434664    -0.498633     0.752861
    0.355717    -0.701003      0.61612
    0.248639    -0.868733     0.430655
    0.127949     -0.97083     0.221615
   0.0643524     0.967183     0.240167
    0.130114     0.870556     0.485593
    0.182723     0.719234     0.681933
     0.22312     0.511395     0.832695
    0.249424     0.261623     0.930865
    0.258819  -0.00273473     0.965926
    0.249894      -0.2598     0.932618
    0.224999    -0.498633     0.839707
    0.184133    -0.701003     0.687192
    0.128705    -0.868733     0.480334
   0.0662313     -0.97083     0.247179
-9.58861e-08     0.967183     0.248639
-1.37282e-07     0.870556     0.502722
-1.70398e-07     0.719234     0.705989
-1.95827e-07     0.511395     0.862069
-2.12385e-07     0.261623     0.963703
-2.18298e-07  -0.00273473            1
 -2.1268e-07      -0.2598     0.965517
-1.97009e-07    -0.498633     0.869329
-1.71285e-07    -0.701003     0.711434
-1.36395e-07    -0.868733     0.497278
-9.70688e-08     -0.97083     0.255898
  -0.0643526     0.967183     0.240167
   -0.130114     0.870556     0.485593
   -0.182724     0.719234     0.681933
    -0.22312     0.511395     0.832695
   -0.249425     0.261623     0.930865
   -0.258819  -0.00273473     0.965926
   -0.249895      -0.2598     0.932618
   -0.224999    -0.498633     0.839707
   -0.184133    -0.701003     0.687192
   -0.128705    -0.868733     0.480333
  -0.0662315     -0.97083     0.247179
    -0.12432     0.967183     0.215328
   -0.251361     0.870556      0.43537
   -0.352995     0.719234     0.611405
   -0.431035     0.511395     0.746574
   -0.481852     0.261623     0.834591
        -0.5  -0.00273473     0.866025
   -0.482759      -0.2598     0.836163
   -0.434665    -0.498633     0.752861
   -0.355717    -0.701003      0.61612
   -0.248639    -0.868733     0.430655
   -0.127949     -0.97083     0.221614
   -0.175814     0.967183     0.175814
   -0.355479     0.870556     0.355478
    -0.49921     0.719234      0.49921
   -0.609575     0.511395     0.609575
   -0.681441     0.261623      0.68144
   -0.707107  -0.00273473     0.707107
   -0.682724      -0.2598     0.682724
   -0.614708    -0.498633     0.614708
    -0.50306    -0.701003      0.50306
   -0.351629    -0.868733     0.351628
   -0.180948     -0.97083     0.180947
   -0.215328     0.967183     0.124319
   -0.435371     0.870556     0.251361
   -0.611405     0.719234     0.352995
   -0.746574     0.511395     0.431034
   -0.834591     0.261623     0.481851
   -0.866026  -0.00273473          0.5
   -0.836163      -0.2598     0.482759
   -0.752861    -0.498633     0.434664
    -0.61612    -0.701003     0.355717
   -0.430655    -0.868733     0.248639
   -0.221615     -0.97083     0.127949
   -0.240167     0.967183    0.0643524
   -0.485593     0.870556     0.130114
   -0.681933     0.719234     0.182723
   -0.832695     0.511395      0.22312
   -0.930865     0.261623     0.249424
   -0.965926  -0.00273473     0.258819
   -0.932618      -0.2598     0.249894
   -0.839707    -0.498633     0.224999
   -0.687192    -0.701003     0.184133
   -0.480334    -0.868733     0.128705
   -0.247179     -0.97083    0.0662313
   -0.248639     0.967183 -2.68699e-08
   -0.502723     0.870556 -4.90826e-08
   -0.705989     0.719234 -6.68527e-08
   -0.862069     0.511395 -8.04977e-08
   -0.963703     0.261623 -8.93827e-08
          -1  -0.00273473  -9.2556e-08
   -0.965518      -0.2598 -8.95414e-08
   -0.869329    -0.498633 -8.11323e-08
   -0.711434    -0.701003 -6.73287e-08
   -0.497278    -0.868733 -4.86066e-08
   -0.255898     -0.97083 -2.75045e-08
   -0.240167     0.967183   -0.0643525
   -0.485593     0.870556    -0.130114
   -0.681933     0.719234    -0.182723
   -0.832695     0.511395     -0.22312
   -0.930865     0.261623    -0.249425
   -0.965926  -0.00273473    -0.258819
   -0.932618      -0.2598    -0.249894
   -0.839707    -0.498633    -0.224999
   -0.687192    -0.701003    -0.184133
   -0.480334    -0.868733    -0.128705
   -0.247179     -0.97083   -0.0662314
   -0.215328     0.967183    -0.124319
    -0.43537     0.870556    -0.251361
   -0.611405     0.719234    -0.352995
   -0.746574     0.511395    -0.431035
   -0.834591     0.261623    -0.481851
   -0.866026  -0.00273473         -0.5
   -0.836163      -0.2598    -0.482759
   -0.752861    -0.498633    -0.434664
    -0.61612    -0.701003    -0.355717
   -0.430655    -0.868733    -0.248639
   -0.221615     -0.97083    -0.127949
   -0.175814     0.967183    -0.175814
   -0.355479     0.870556    -0.355478
    -0.49921     0.719234     -0.49921
   -0.609575     0.511395    -0.609575
   -0.681441     0.261623    -0.681441
   -0.707107  -0.00273473    -0.707107
   -0.682724      -0.2598    -0.682724
   -0.614708    -0.498633    -0.614708
    -0.50306    -0.701003     -0.50306
   -0.351629    -0.868733    -0.351628
   -0.180948     -0.97083    -0.180947
   -0.124319     0.967183    -0.215328
   -0.251361     0.870556     -0.43537
   -0.352995     0.719234    -0.611405
   -0.431035     0.511395    -0.746574
   -0.481851     0.261623    -0.834591
        -0.5  -0.00273473    -0.866026
   -0.482759      -0.2598    -0.836163
   -0.434664    -0.498633    -0.752861
   -0.355717    -0.701003     -0.61612
   -0.248639    -0.868733    -0.430655
   -0.127949     -0.97083    -0.221615
  -0.0643525     0.967183    -0.240167
   -0.130114     0.870556    -0.485593
   -0.182723     0.719234    -0.681933
    -0.22312     0.511395    -0.832695
   -0.249425     0.261623    -0.930865
   -0.258819  -0.00273473    -0.965926
   -0.249894      -0.2598    -0.932618
   -0.224999    -0.498633    -0.839707
   -0.184133    -0.701003    -0.687192
   -0.128705    -0.868733    -0.480334
  -0.0662314     -0.97083    -0.247179
-5.24127e-08     0.967183    -0.248639
-4.93828e-08     0.870556    -0.502722
-4.69588e-08     0.719234    -0.705989
-4.50976e-08     0.511395    -0.862069
-4.38856e-08     0.261623    -0.963703
-4.34528e-08  -0.00273473           -1
 -4.3864e-08      -0.2598    -0.965517
 -4.5011e-08    -0.498633    -0.869329
-4.68939e-08    -0.701003    -0.711434
-4.94477e-08    -0.868733    -0.497278
-5.23261e-08     -0.97083    -0.255898
   0.0643524     0.967183    -0.240167
    0.130114     0.870556    -0.485593
    0.182723     0.719234    -0.681933
     0.22312     0.511395    -0.832695
    0.249425     0.261623    -0.930865
    0.258819  -0.00273473    -0.965926
    0.249894      -0.2598    -0.932618
    0.224999    -0.498633    -0.839707
    0.184133    -0.701003    -0.687192
    0.128705    -0.868733    -0.480333
   0.0662313     -0.97083    -0.247179
    0.124319     0.967183    -0.215328
    0.251361     0.870556     -0.43537
    0.352995     0.719234    -0.611405
    0.431034     0.511395    -0.746574
    0.481851     0.261623    -0.834591
         0.5  -0.00273473    -0.866026
    0.482759      -0.2598    -0.836163
    0.434664    -0.498633    -0.752861
    0.355717    -0.701003     -0.61612
    0.248639    -0.868733    -0.430655
    0.127949     -0.97083    -0.221615
    0.175814     0.967183    -0.175814
    0.355478     0.870556    -0.355478
     0.49921     0.719234     -0.49921
    0.609575     0.511395    -0.609575
     0.68144     0.261623    -0.681441
    0.707107  -0.00273473    -0.707107
    0.682724      -0.2598    -0.682724
    0.614708    -0.498633    -0.614708
     0.50306    -0.701003     -0.50306
    0.351628    -0.868733    -0.351629
    0.180947     -0.97083    -0.180948
    0.215328     0.967183     -0.12432
     0.43537     0.870556    -0.251361
    0.611405     0.719234    -0.352995
    0.746574     0.511395    -0.431035
    0.834591     0.261623    -0.481851
    0.866026  -0.00273473         -0.5
    0.836163      -0.2598    -0.482759
    0.752861    -0.498633    -0.434664
     0.61612    -0.701003    -0.355717
    0.430655    -0.868733    -0.248639
    0.221614     -0.97083    -0.127949
    0.240167     0.967183   -0.0643525
    0.485593     0.870556    -0.130114
    0.681933     0.719234    -0.182724
    0.832695     0.511395     -0.22312
    0.930865     0.261623    -0.249425
    0.965926  -0.00273473    -0.258819
    0.932618      -0.2598    -0.249895
    0.839707    -0.498633    -0.224999
    0.687192    -0.701003    -0.184133
    0.480333    -0.868733    -0.128705
    0.247179     -0.97083   -0.0662315
3	     1     2    14
4	     2     3    15    14
4	     3     4    16    15
4	     4     5    17    16
4	     5     6    18    17
4	     6     7    19    18
4	     7     8    20    19
4	     8     9    21    20
4	     9    10    22    21
4	    10    11    23    22
4	    11    12    24    23
3	    12    13    24
3	     1    14    25
4	    14    15    26    25
4	    15    16    27    26
4	    16    17    28    27
4	    17    18    29    28
4	    18    19    30    29
4	    19    20    31    30
4	    20    21    32    31
4	    21    22    33    32
4	    22    23    34    33
4	    23    24    35    34
3	    24    13    35
3	     1    25    36
4	    25    26    37    36
4	    26    27    38    37
4	    27    28    39    38
4	    28    29    40    39
4	    29    30    41    40
4	    30    31    42    41
4	    31    32    43    42
4	    32    33    44    43
4	    33    34    45    44
4	    34    35    46    45
3	    35    13    46
3	     1    36    47
4	    36    37    48    47
4	    37    38    49    48
4	    38    39    50    49
4	    39    40    51    50
4	    40    41    52    51
4	    41    42    53    52
4	    42    43    54    53
4	    43    44    55    54
4	    44    45    56    55
4	    45    46    57    56
3	    46    13    57
3	     1    47    58
4	    47    48    59    58
4	    48    49    60    59
4	    49    50    61    60
4	    50    51    62    61
4	    51    52    63    62
4	    52    53    64    63
4	    53    54    65    64
4	    54    55    66    65
4	    55    56    67    66
4	    56    57    68    67
3	    57    13    68
3	     1    58    69
4	    58    59    70    69
4	    59    60    71    70
4	    60    61    72    71
4	    61    62    73    72
4	    62    63    74    73
4	    63    64    75    74
4	    64    65    76    75
4	    65    66    77    76
4	    66    67    78    77
4	    67    68    79    78
3	    68    13    79
3	     1    69    80
4	    69    70    81    80
4	    70    71    82    81
4	    71    72    83    82
4	    72    73    84    83
4	    73    74    85    84
4	    74    75    86    85
4	    75    76    87    86
4	    76    77    88    87
4	    77    78    89    88
4	    78    79    90    89
3	    79    13    90
3	     1    80    91
4	    80    81    92    91
4	    81    82    93    92
4	    82    83    94    93
4	    83    84    95    94
4	    84    85    96    95
4	    85    86    97    96
4	    86    87    98    97
4	    87    88    99    98
4	    88    89   100    99
4	    89    90   101   100
3	    90    13   101
3	     1    91   102
4	    91    92   103   102
4	    92    93   104   103
4	    93    94   105   104
4	    94    95   106   105
4	    95    96   107   106
4	    96    97   108   107
4	    97    98   109   108
4	    98    99   110   109
4	    99   100   111   110
4	   100   101   112   111
3	   101    13   112
3	     1   102   113
4	   102   103   114   113
4	   103   104   115   114
4	   104   105   116   115
4	   105   106   117   116
4	   106   107   118   117
4	   107   108   119   118
4	   108   109   120   119
4	   109   110   121   120
4	   110   111   122   121
4	   111   112   123   122
3	   112    13   123
3	     1   113   124
4	   113   114   125   124
4	   114   115   126   125
4	   115   116   127   126
4	   116   117   128   127
4	   117   118   129   128
4	   118   119   130   129
4	   119   120   131   130
4	   120   121   132   131
4	   121   122   133   132
4	   122   123   134   133
3	   123    13   134
3	     1   124   135
4	   124   125   136   135
4	   125   126   137   136
4	   126   127   138   137
4	   127   128   139   138
4	   128   129   140   139
4	   129   130   141   140
4	   130   131   142   141
4	   131   132   143   142
4	   132   133   144   143
4	   133   134   145   144
3	   134    13   145
3	     1   135   146
4	   135   136   147   146
4	   136   137   148   147
4	   137   138   149   148
4	   138   139   150   149
4	   139   140   151   150
4	   140   141   152   151
4	   141   142   153   152
4	   142   143   154   153
4	   143   144   155   154
4	   144   145   156   155
3	   145    13   156
3	     1   146   157
4	   146   147   158   157
4	   147   148   159   158
4	   148   149   160   159
4	   149   150   161   160
4	   150   151   162   161
4	   151   152   163   162
4	   152   153   164   163
4	   153   154   165   164
4	   154   155   166   165
4	   155   156   167   166
3	   156    13   167
3	     1   157   168
4	   157   158   169   168
4	   158   159   170   169
4	   159   160   171   170
4	   160   161   172   171
4	   161   162   173   172
4	   162   163   174   173
4	   163   164   175   174
4	   164   165   176   175
4	   165   166   177   176
4	   166   167   178   177
3	   167    13   178
3	     1   168   179
4	   168   169   180   179
4	   169   170   181   180
4	   170   171   182   181
4	   171   172   183   182
4	   172   173   184   183
4	   173   174   185   184
4	   174   175   186   185
4	   175   176   187   186
4	   176   177   188   187
4	   177   178   189   188
3	   178    13   189
3	     1   179   190
4	   179   180   191   190
4	   180   181   192   191
4	   181   182   193   192
4	   182   183   194   193
4	   183   184   195   194
4	   184   185   196   195
4	   185   186   197   196
4	   186   187   198   197
4	   187   188   199   198
4	   188   189   200   199
3	   189    13   200
3	     1   190   201
4	   190   191   202   201
4	   191   192   203   202
4	   192   193   204   203
4	   193   194   205   204
4	   194   195   206   205
4	   195   196   207   206
4	   196   197   208   207
4	   197   198   209   208
4	   198   199   210   209
4	   199   200   211   210
3	   200    13   211
3	     1   201   212
4	   201   202   213   212
4	   202   203   214   213
4	   203   204   215   214
4	   204   205   216   215
4	   205   206   217   216
4	   206   207   218   217
4	   207   208   219   218
4	   208   209   220   219
4	   209   210   221   220
4	   210   211   222   221
3	   211    13   222
3	     1   212   223
4	   212   213   224   223
4	   213   214   225   224
4	   214   215   226   225
4	   215   216   227   226
4	   216   217   228   227
4	   217   218   229   228
4	   218   219   230   229
4	   219   220   231   230
4	   220   221   232   231
4	   221   222   233   232
3	   222    13   233
3	     1   223   234
4	   223   224   235   234
4	   224   225   236   235
4	   225   226   237   236
4	   226   227   238   237
4	   227   228   239   238
4	   228   229   240   239
4	   229   230   241   240
4	   230   231   242   241
4	   231   232   243   242
4	   232   233   244   243
3	   233    13   244
3	     1   234   245
4	   234   235   246   245
4	   235   236   247   246
4	   236   237   248   247
4	   237   238   249   248
4	   238   239   250   249
4	   239   240   251   250
4	   240   241   252   251
4	   241   242   253   252
4	   242   243   254   253
4	   243   244   255   254
3	   244    13   255
3	     1   245   256
4	   245   246   257   256
4	   246   247   258   257
4	   247   248   259   258
4	   248   249   260   259
4	   249   250   261   260
4	   250   251   262   261
4	   251   252   263   262
4	   252   253   264   263
4	   253   254   265   264
4	   254   255   266   265
3	   255    13   266
3	     1   256     2
4	   256   257     3     2
4	   257   258     4     3
4	   258   259     5     4
4	   259   260     6     5
4	   260   261     7     6
4	   261   262     8     7
4	   262   263     9     8
4	   263   264    10     9
4	   264   265    11    10
4	   265   266    12    11
3	   266    13    12

