data 790 722
-3.119833	0.026168	0.833333
-3.584498	0.026168	0.833333
-3.119833	-0.463653	0.674181
-3.584498	-0.463653	0.674181
-3.584498	-0.766379	0.257514
-3.119833	0.818715	0.257514
-3.584498	0.818715	0.257514
-3.119833	0.515989	0.674181
-3.584498	0.515989	0.674181
-3.584498	0.548514	0.718947
-3.584498	0.026168	0.888667
-3.584498	-0.496178	0.718947
-3.584498	-0.819005	0.274613
-3.584498	0.871341	0.274613
-3.894833	0.871341	0.274613
-3.894833	0.548514	0.718947
-3.894833	0.026168	0.888667
-3.894833	-0.496178	0.718947
-3.894833	-0.819005	0.274613
-4.103166	0.772205	0.242402
-4.103166	0.487244	0.634617
-4.103166	0.026168	0.784429
-4.103166	-0.434908	0.634617
-4.103166	-0.719869	0.242402
-4.143498	0.026168	0.598621
-4.143498	-0.325693	0.484295
-4.143498	-0.543155	0.184984
-4.143498	0.595491	0.184984
-4.143498	0.378029	0.484295
-4.009832	0.595491	0.184984
-4.009832	0.378029	0.484295
-4.009832	0.026168	0.598621
-4.009832	-0.325693	0.484295
-4.009832	-0.543155	0.184984
-4.009832	0.122760	0.031385
-4.009832	0.085865	0.082166
-4.009832	0.026168	0.101563
-4.009832	-0.033529	0.082166
-4.009832	-0.070424	0.031385
-4.726166	-0.033529	0.082166
-4.726166	-0.070424	0.031385
-4.726166	0.122760	0.031385
-4.726166	0.085865	0.082166
-4.726166	0.026168	0.101563
-1.839499	-0.463653	0.674181
-1.839499	0.026168	0.833333
-1.839499	0.515989	0.674181
-1.839499	0.818715	0.257514
-1.455498	-0.766379	0.257514
-2.992425	-0.123700	0.795149
-3.090449	-0.073749	0.807876
-3.075759	-0.189115	0.773895
-3.022038	-0.152825	0.884786
-3.075759	-0.226679	0.889507
-1.883574	-0.245459	0.947304
-1.883574	-0.161264	0.910761
-2.972620	-0.161264	0.910761
-2.992425	-0.245459	0.947304
-3.075759	-0.254549	0.752634
-3.090449	-0.367856	0.712315
-2.992425	-0.319964	0.731380
-3.022038	-0.349089	0.821016
-3.075759	-0.292114	0.868246
-2.972620	-0.357528	0.846992
-2.992425	-0.310893	0.926044
-1.883574	-0.357528	0.846992
-1.883574	-0.310893	0.926044
-1.279032	1.011048	0.257514
-1.515166	-0.766379	0.257514
-1.515166	-0.463653	0.674181
-1.515166	0.026168	0.833333
-1.515166	0.515989	0.674181
-0.518832	-0.463653	0.674181
-0.518832	0.026168	0.833333
-0.518832	0.515989	0.674181
-0.518832	0.818715	0.257514
-0.518832	-0.766379	0.257514
-0.176502	-0.766379	0.257514
-0.176502	-0.463653	0.674181
-0.176502	0.026168	0.833333
-0.176502	0.515989	0.674181
-0.176502	0.818715	0.257514
-1.515166	0.667352	0.465848
-0.518832	0.667352	0.465848
-0.729478	0.667352	0.465848
-1.227597	0.859685	0.465848
-1.304521	0.217686	0.465848
-1.515166	0.217686	0.257514
-0.518832	0.217686	0.257514
-0.729478	0.217686	0.465848
4.411831	0.306792	0.240350
4.411831	0.414716	0.091805
4.411831	-0.150380	0.091805
4.411831	-0.042456	0.240350
4.584164	-0.081667	0.034836
4.584164	0.000011	0.091202
4.584164	0.132168	0.112732
4.584164	0.264325	0.091202
4.584164	0.346003	0.034836
3.174453	0.070777	0.415949
3.170835	0.150611	0.416331
3.092867	0.101697	0.451238
4.411831	0.095773	0.278178
4.468739	0.132168	0.236211
4.411831	0.154380	0.278178
4.411831	0.154380	1.606282
4.411831	0.095773	1.606282
3.814218	0.070777	1.606282
3.812469	0.150611	1.606282
4.411831	0.095773	1.732615
4.030454	0.070777	1.732615
4.029339	0.150611	1.732615
4.411831	0.154380	1.732615
4.726165	0.061311	1.606282
4.726165	0.061311	0.502178
4.726165	0.028842	0.502178
4.726165	0.028842	1.606282
4.726165	0.028842	1.732615
4.726165	0.061311	1.732615
2.176396	0.661405	0.000000
2.070426	0.620875	0.176366
2.166019	0.662410	0.051015
4.386664	0.447360	0.045903
4.457996	0.616866	0.045903
3.024488	0.860977	0.051015
3.029603	0.859827	0.000000
4.416661	2.110748	0.045903
3.818717	2.101485	0.051015
3.819926	2.101519	0.000000
4.718497	0.624074	0.045903
4.677161	1.977372	0.045903
4.031938	2.185985	0.051015
4.032710	2.186006	0.000000
4.674988	2.055912	0.045903
4.508745	2.191897	0.045903
-1.471416	-0.171516	0.907433
-1.537240	-0.357529	0.846994
-1.515301	-0.314310	0.924936
-1.493356	-0.252293	0.945086
-1.883574	-0.189115	0.773895
-1.868884	-0.073749	0.807876
-1.966907	-0.123700	0.795149
-1.883574	-0.136220	0.833683
-1.471417	-0.146472	0.830355
-1.493357	-0.195950	0.771677
-1.883574	-0.332484	0.769913
-1.966907	-0.319964	0.731380
-1.868884	-0.367856	0.712315
-1.883574	-0.254549	0.752634
-1.515301	-0.257967	0.751526
-1.537241	-0.332485	0.769915
-1.068726	-0.507484	0.798268
-1.046787	-0.464266	0.876209
-1.024842	-0.402249	0.896360
-1.002903	-0.321472	0.858706
-1.002903	-0.296427	0.781628
-1.024843	-0.345905	0.722950
-1.046787	-0.407922	0.702800
-1.068726	-0.482440	0.721189
-2.945669	-0.766379	0.257514
-2.392583	-0.766379	0.257514
-1.455498	-0.637352	0.435105
-1.455498	-0.637352	0.813847
-1.455498	-0.766379	0.813847
-2.873549	-0.766379	0.813847
-1.304140	-0.766379	1.020181
-2.872844	-0.766379	1.020181
-1.304140	-0.637352	1.020181
-0.720688	-0.703803	1.248514
-0.720688	-0.766379	1.248514
-1.757082	-0.766379	1.248514
-2.793476	-0.766379	1.248514
-3.036499	-0.637352	0.435105
-3.119833	-0.588370	0.502523
-3.119833	-0.680357	0.375914
-3.119833	-0.680357	0.813847
-3.036499	-0.637352	0.813847
-3.119833	-0.680357	1.020181
-3.036499	-0.637352	1.020181
-3.119833	-0.680357	1.248514
-3.036499	-0.637352	1.248514
-3.119833	-0.723374	1.020181
-3.037510	-0.766379	1.020181
-3.036499	-0.766379	1.248514
-3.119833	-0.723374	1.248514
-3.119833	-0.723374	0.813847
-3.061784	-0.766379	0.813847
-3.119833	-0.723374	0.316705
-3.203166	-0.766379	0.257514
-3.119833	-0.766379	0.174181
-3.061784	-0.766379	0.257514
-0.720688	-0.766379	3.580847
-1.757082	-0.766379	3.580847
-2.793476	-0.766379	3.580847
-3.036499	-0.766379	3.580847
-3.119833	-0.723374	3.580847
-3.119833	-0.680357	3.580847
-3.036499	-0.637352	3.580847
-0.720688	-0.703803	3.580847
-2.847246	-0.690130	3.781180
-0.720688	-0.710913	3.781180
-0.720688	-0.766379	3.781180
-1.639328	-0.766379	3.781180
-2.557970	-0.766379	3.781180
-2.773381	-0.766379	3.781180
-2.847246	-0.728260	3.781180
-1.781796	-0.766379	3.929513
-1.906205	-0.766379	3.929513
-1.948865	-0.744364	3.929513
-1.948865	-0.722342	3.929513
-0.892687	-0.734345	3.929513
-0.892687	-0.766379	3.929513
-1.251241	-0.766379	3.929513
-1.193325	-0.681653	3.497514
-1.193752	-0.693837	3.663284
-1.091622	-0.684043	3.580847
-2.136248	-0.671687	3.663284
-2.135822	-0.659502	3.497514
-2.237525	-0.657112	3.580847
-2.245213	-0.424453	3.574264
-1.620806	-0.446603	3.574264
-1.553427	-0.448993	3.612393
-1.621088	-0.458788	3.650112
-2.245494	-0.436637	3.650112
-2.312591	-0.422062	3.612393
-2.223971	0.982147	3.881777
-2.848379	1.004297	3.881777
-2.915474	1.018872	3.844058
-2.848096	1.016481	3.805929
-2.223689	0.994331	3.805929
-2.156310	0.991941	3.844058
-3.042114	1.178632	3.831998
-2.237393	1.178632	3.831998
-2.150558	1.178632	3.870127
-2.237759	1.178632	3.907846
-3.042478	1.178632	3.907846
-3.128950	1.178632	3.870127
-1.091622	1.214966	3.831998
-1.091622	1.178632	3.831998
-1.091622	1.178632	3.907846
-1.091622	1.214966	3.907846
-3.595833	1.264192	3.907846
-3.512499	1.306965	3.907846
-3.512499	1.306965	3.831998
-3.595833	1.264192	3.831998
-3.595833	1.221406	3.831998
-3.512499	1.178632	3.831998
-3.512499	1.178632	3.907846
-3.595833	1.221406	3.907846
-2.767724	1.306662	3.831998
-2.767724	1.306662	3.907846
-1.091622	1.178632	6.237817
-2.237759	1.178632	6.237817
-3.042478	1.178632	6.237817
-3.512499	1.178632	6.237817
-3.595833	1.221406	6.237817
-3.595833	1.264192	6.237817
-3.512499	1.306965	6.237817
-2.767724	1.306662	6.237817
-1.091622	1.214966	6.237817
-3.225823	1.282439	6.532437
-2.447389	1.282193	6.460437
-1.091622	1.208022	6.460437
-1.091622	1.178632	6.460437
-2.018710	1.178632	6.460437
-2.669632	1.178632	6.460437
-3.225823	1.178632	6.532437
-3.293231	1.213231	6.532437
-3.293231	1.247840	6.532437
-2.362239	1.178632	6.658638
-2.405977	1.201082	6.658638
-2.405977	1.223539	6.658638
-2.362239	1.245989	6.658638
-1.971338	1.245830	6.658638
-1.227622	1.197702	6.658638
-1.227622	1.178632	6.658638
-1.693181	1.178632	6.658638
-2.115545	1.178632	6.658638
-3.512499	1.178632	0.718947
-3.042114	1.178632	0.718947
-2.237393	1.178632	0.718947
-1.091622	1.178632	0.718947
-1.091622	1.214966	0.718947
-2.767724	1.306662	0.718947
-3.512499	1.306965	0.718947
-3.595833	1.264192	0.718947
-3.595833	1.221406	0.718947
-3.512499	1.306965	0.500614
-3.595833	1.264192	0.500614
-3.595833	1.221406	0.500614
-3.512499	1.178632	0.500614
-3.042114	1.178632	0.500614
-2.237393	1.178632	0.500614
-1.575622	1.178632	0.500614
-1.575622	1.214966	0.500614
-2.767724	1.306662	0.500614
-1.701622	1.178632	0.292281
-1.701622	1.214966	0.292281
-2.767724	1.306662	0.292281
-3.512499	1.306965	0.292281
-3.595833	1.264192	0.292281
-3.595833	1.221406	0.292281
-3.512499	1.178632	0.292281
-3.042114	1.178632	0.292281
-2.237393	1.178632	0.292281
-2.400866	-0.766379	0.730514
-2.400866	-0.766379	0.882618
-2.484200	-0.766379	0.813847
-1.928182	-0.766379	0.882618
-1.928182	-0.766379	0.730514
-1.844849	-0.766379	0.813847
-2.353364	-1.348045	0.972868
-2.665220	-1.348045	0.972868
-2.720199	-1.348045	1.027848
-2.665220	-1.348045	1.073220
-2.353364	-1.348045	1.073220
-2.298385	-1.348045	1.027848
-2.865220	-1.710379	1.235220
-2.553365	-1.710379	1.235220
-2.498385	-1.710379	1.189847
-2.553365	-1.710379	1.134868
-2.865220	-1.710379	1.134868
-2.920198	-1.710379	1.189847
-2.420804	-1.766511	1.130520
-2.898350	-1.766511	1.130520
-3.015742	-1.766511	1.247912
-2.896379	-1.766511	1.346416
-2.422773	-1.766511	1.346416
-2.303411	-1.766511	1.247912
-2.948030	-1.926028	1.447776
-2.329996	-1.926028	1.447776
-2.174234	-1.926028	1.319233
-2.327425	-1.926028	1.166041
-2.950601	-1.926028	1.166041
-3.103793	-1.926028	1.319233
-3.103793	-1.926028	-1.319233
-2.950601	-1.926028	-1.166041
-2.327425	-1.926028	-1.166041
-2.174234	-1.926028	-1.319233
-2.329996	-1.926028	-1.447776
-2.948030	-1.926028	-1.447776
-2.303411	-1.766511	-1.247912
-2.422773	-1.766511	-1.346416
-2.896379	-1.766511	-1.346416
-3.015742	-1.766511	-1.247912
-2.898350	-1.766511	-1.130520
-2.420804	-1.766511	-1.130520
-2.920198	-1.710379	-1.189847
-2.865220	-1.710379	-1.134868
-2.553365	-1.710379	-1.134868
-2.498385	-1.710379	-1.189847
-2.553365	-1.710379	-1.235220
-2.865220	-1.710379	-1.235220
-2.298385	-1.348045	-1.027848
-2.353364	-1.348045	-1.073220
-2.665220	-1.348045	-1.073220
-2.720199	-1.348045	-1.027848
-2.665220	-1.348045	-0.972868
-2.353364	-1.348045	-0.972868
-1.844849	-0.766379	-0.813847
-1.928182	-0.766379	-0.730514
-1.928182	-0.766379	-0.882618
-2.484200	-0.766379	-0.813847
-2.400866	-0.766379	-0.882618
-2.400866	-0.766379	-0.730514
-2.237393	1.178632	-0.292281
-3.042114	1.178632	-0.292281
-3.512499	1.178632	-0.292281
-3.595833	1.221406	-0.292281
-3.595833	1.264192	-0.292281
-3.512499	1.306965	-0.292281
-2.767724	1.306662	-0.292281
-1.701622	1.214966	-0.292281
-1.701622	1.178632	-0.292281
-2.767724	1.306662	-0.500614
-1.575622	1.214966	-0.500614
-1.575622	1.178632	-0.500614
-2.237393	1.178632	-0.500614
-3.042114	1.178632	-0.500614
-3.512499	1.178632	-0.500614
-3.595833	1.221406	-0.500614
-3.595833	1.264192	-0.500614
-3.512499	1.306965	-0.500614
-3.595833	1.221406	-0.718947
-3.595833	1.264192	-0.718947
-3.512499	1.306965	-0.718947
-2.767724	1.306662	-0.718947
-1.091622	1.214966	-0.718947
-1.091622	1.178632	-0.718947
-2.237393	1.178632	-0.718947
-3.042114	1.178632	-0.718947
-3.512499	1.178632	-0.718947
-2.115545	1.178632	-6.658638
-1.693181	1.178632	-6.658638
-1.227622	1.178632	-6.658638
-1.227622	1.197702	-6.658638
-1.971338	1.245830	-6.658638
-2.362239	1.245989	-6.658638
-2.405977	1.223539	-6.658638
-2.405977	1.201082	-6.658638
-2.362239	1.178632	-6.658638
-3.293231	1.247840	-6.532437
-3.293231	1.213231	-6.532437
-3.225823	1.178632	-6.532437
-2.669632	1.178632	-6.460437
-2.018710	1.178632	-6.460437
-1.091622	1.178632	-6.460437
-1.091622	1.208022	-6.460437
-2.447389	1.282193	-6.460437
-3.225823	1.282439	-6.532437
-1.091622	1.214966	-6.237817
-2.767724	1.306662	-6.237817
-3.512499	1.306965	-6.237817
-3.595833	1.264192	-6.237817
-3.595833	1.221406	-6.237817
-3.512499	1.178632	-6.237817
-3.042478	1.178632	-6.237817
-2.237759	1.178632	-6.237817
-1.091622	1.178632	-6.237817
-2.767724	1.306662	-3.907846
-2.767724	1.306662	-3.831998
-3.595833	1.221406	-3.907846
-3.512499	1.178632	-3.907846
-3.512499	1.178632	-3.831998
-3.595833	1.221406	-3.831998
-3.595833	1.264192	-3.831998
-3.512499	1.306965	-3.831998
-3.512499	1.306965	-3.907846
-3.595833	1.264192	-3.907846
-1.091622	1.214966	-3.907846
-1.091622	1.178632	-3.907846
-1.091622	1.178632	-3.831998
-1.091622	1.214966	-3.831998
-3.128950	1.178632	-3.870127
-3.042478	1.178632	-3.907846
-2.237759	1.178632	-3.907846
-2.150558	1.178632	-3.870127
-2.237393	1.178632	-3.831998
-3.042114	1.178632	-3.831998
-2.156310	0.991941	-3.844058
-2.223689	0.994331	-3.805929
-2.848096	1.016481	-3.805929
-2.915474	1.018872	-3.844058
-2.848379	1.004297	-3.881777
-2.223971	0.982147	-3.881777
-2.312591	-0.422062	-3.612393
-2.245494	-0.436637	-3.650112
-1.621088	-0.458788	-3.650112
-1.553427	-0.448993	-3.612393
-1.620806	-0.446603	-3.574264
-2.245213	-0.424453	-3.574264
-2.237525	-0.657112	-3.580847
-2.135822	-0.659502	-3.497514
-2.136248	-0.671687	-3.663284
-1.091622	-0.684043	-3.580847
-1.193752	-0.693837	-3.663284
-1.193325	-0.681653	-3.497514
-1.251241	-0.766379	-3.929513
-0.892687	-0.766379	-3.929513
-0.892687	-0.734345	-3.929513
-1.948865	-0.722342	-3.929513
-1.948865	-0.744364	-3.929513
-1.906205	-0.766379	-3.929513
-1.781796	-0.766379	-3.929513
-2.847246	-0.728260	-3.781180
-2.773381	-0.766379	-3.781180
-2.557970	-0.766379	-3.781180
-1.639328	-0.766379	-3.781180
-0.720688	-0.766379	-3.781180
-0.720688	-0.710913	-3.781180
-2.847246	-0.690130	-3.781180
-0.720688	-0.703803	-3.580847
-3.036499	-0.637352	-3.580847
-3.119833	-0.680357	-3.580847
-3.119833	-0.723374	-3.580847
-3.036499	-0.766379	-3.580847
-2.793476	-0.766379	-3.580847
-1.757082	-0.766379	-3.580847
-0.720688	-0.766379	-3.580847
-3.061784	-0.766379	-0.257514
-3.119833	-0.766379	-0.174181
-3.203166	-0.766379	-0.257514
-3.119833	-0.723374	-0.316705
-3.061784	-0.766379	-0.813847
-3.119833	-0.723374	-0.813847
-3.119833	-0.723374	-1.248514
-3.036499	-0.766379	-1.248514
-3.037510	-0.766379	-1.020181
-3.119833	-0.723374	-1.020181
-3.036499	-0.637352	-1.248514
-3.119833	-0.680357	-1.248514
-3.036499	-0.637352	-1.020181
-3.119833	-0.680357	-1.020181
-3.036499	-0.637352	-0.813847
-3.119833	-0.680357	-0.813847
-3.119833	-0.680357	-0.375914
-3.119833	-0.588370	-0.502523
-3.036499	-0.637352	-0.435105
-2.793476	-0.766379	-1.248514
-1.757082	-0.766379	-1.248514
-0.720688	-0.766379	-1.248514
-0.720688	-0.703803	-1.248514
-1.304140	-0.637352	-1.020181
-2.872844	-0.766379	-1.020181
-1.304140	-0.766379	-1.020181
-2.873549	-0.766379	-0.813847
-1.455498	-0.766379	-0.813847
-1.455498	-0.637352	-0.813847
-1.455498	-0.637352	-0.435105
-2.392583	-0.766379	-0.257514
-2.945669	-0.766379	-0.257514
-1.068726	-0.482440	-0.721189
-1.046787	-0.407922	-0.702800
-1.024843	-0.345905	-0.722950
-1.002903	-0.296427	-0.781628
-1.002903	-0.321472	-0.858706
-1.024842	-0.402249	-0.896360
-1.046787	-0.464266	-0.876209
-1.068726	-0.507484	-0.798268
-1.537241	-0.332485	-0.769915
-1.515301	-0.257967	-0.751526
-1.883574	-0.254549	-0.752634
-1.868884	-0.367856	-0.712315
-1.966907	-0.319964	-0.731380
-1.883574	-0.332484	-0.769913
-1.493357	-0.195950	-0.771677
-1.471417	-0.146472	-0.830355
-1.883574	-0.136220	-0.833683
-1.966907	-0.123700	-0.795149
-1.868884	-0.073749	-0.807876
-1.883574	-0.189115	-0.773895
-1.493356	-0.252293	-0.945086
-1.515301	-0.314310	-0.924936
-1.537240	-0.357529	-0.846994
-1.471416	-0.171516	-0.907433
4.508745	2.191897	-0.045903
4.674988	2.055912	-0.045903
4.031938	2.185985	-0.051015
4.677161	1.977372	-0.045903
4.718497	0.624074	-0.045903
3.818717	2.101485	-0.051015
4.416661	2.110748	-0.045903
3.024488	0.860977	-0.051015
4.457996	0.616866	-0.045903
4.386664	0.447360	-0.045903
2.166019	0.662410	-0.051015
2.070426	0.620875	-0.176366
4.726165	0.061311	-1.732615
4.726165	0.028842	-1.732615
4.726165	0.028842	-1.606282
4.726165	0.028842	-0.502178
4.726165	0.061311	-0.502178
4.726165	0.061311	-1.606282
4.411831	0.154380	-1.732615
4.029339	0.150611	-1.732615
4.030454	0.070777	-1.732615
4.411831	0.095773	-1.732615
3.812469	0.150611	-1.606282
3.814218	0.070777	-1.606282
4.411831	0.095773	-1.606282
4.411831	0.154380	-1.606282
4.411831	0.154380	-0.278178
4.468739	0.132168	-0.236211
4.411831	0.095773	-0.278178
3.092867	0.101697	-0.451238
3.170835	0.150611	-0.416331
3.174453	0.070777	-0.415949
4.584164	0.346003	-0.034836
4.584164	0.264325	-0.091202
4.584164	0.132168	-0.112732
4.584164	0.000011	-0.091202
4.584164	-0.081667	-0.034836
4.411831	-0.042456	-0.240350
4.411831	-0.150380	-0.091806
4.411831	0.414716	-0.091806
4.411831	0.306792	-0.240350
-0.729478	0.217686	-0.465848
-0.518832	0.217686	-0.257514
-1.515166	0.217686	-0.257514
-1.304521	0.217686	-0.465848
-1.227597	0.859685	-0.465848
-0.729478	0.667352	-0.465848
-0.518832	0.667352	-0.465848
-1.515166	0.667352	-0.465848
-0.176502	0.818715	-0.257514
-0.176502	0.515989	-0.674181
-0.176502	0.026168	-0.833333
-0.176502	-0.463653	-0.674181
-0.176502	-0.766379	-0.257514
-0.518832	-0.766379	-0.257514
-0.518832	0.818715	-0.257514
-0.518832	0.515989	-0.674181
-0.518832	0.026168	-0.833333
-0.518832	-0.463653	-0.674181
-1.515166	0.515989	-0.674181
-1.515166	0.026168	-0.833333
-1.515166	-0.463653	-0.674181
-1.515166	-0.766379	-0.257514
-1.279032	1.011048	-0.257514
-1.883574	-0.310893	-0.926044
-1.883574	-0.357528	-0.846992
-2.992425	-0.310893	-0.926044
-2.972620	-0.357528	-0.846992
-3.075759	-0.292114	-0.868246
-3.022038	-0.349089	-0.821016
-2.992425	-0.319964	-0.731380
-3.090449	-0.367856	-0.712315
-3.075759	-0.254549	-0.752634
-2.992425	-0.245459	-0.947304
-2.972620	-0.161264	-0.910761
-1.883574	-0.161264	-0.910761
-1.883574	-0.245459	-0.947304
-3.075759	-0.226679	-0.889507
-3.022038	-0.152825	-0.884786
-3.075759	-0.189115	-0.773895
-3.090449	-0.073749	-0.807876
-2.992425	-0.123700	-0.795149
-1.455498	-0.766379	-0.257514
-1.839499	0.818715	-0.257514
-1.839499	0.515989	-0.674181
-1.839499	0.026168	-0.833333
-1.839499	-0.463653	-0.674181
-4.726166	0.026168	-0.101563
-4.726166	0.085865	-0.082166
-4.726166	0.122760	-0.031385
-4.726166	-0.070424	-0.031385
-4.726166	-0.033529	-0.082166
-4.009832	-0.070424	-0.031385
-4.009832	-0.033529	-0.082166
-4.009832	0.026168	-0.101563
-4.009832	0.085865	-0.082166
-4.009832	0.122760	-0.031385
-4.009832	-0.543155	-0.184984
-4.009832	-0.325693	-0.484295
-4.009832	0.026168	-0.598621
-4.009832	0.378029	-0.484295
-4.009832	0.595491	-0.184984
-4.143498	0.378029	-0.484295
-4.143498	0.595491	-0.184984
-4.143498	-0.543155	-0.184984
-4.143498	-0.325693	-0.484295
-4.143498	0.026168	-0.598621
-4.103166	-0.719869	-0.242402
-4.103166	-0.434908	-0.634617
-4.103166	0.026168	-0.784429
-4.103166	0.487244	-0.634617
-4.103166	0.772205	-0.242402
-3.894833	-0.819005	-0.274613
-3.894833	-0.496178	-0.718947
-3.894833	0.026168	-0.888667
-3.894833	0.548514	-0.718947
-3.894833	0.871341	-0.274613
-3.584498	0.871341	-0.274613
-3.584498	-0.819005	-0.274613
-3.584498	-0.496178	-0.718947
-3.584498	0.026168	-0.888667
-3.584498	0.548514	-0.718947
-3.584498	0.515989	-0.674181
-3.119833	0.515989	-0.674181
-3.584498	0.818715	-0.257514
-3.119833	0.818715	-0.257514
-3.584498	-0.766379	-0.257514
-3.584498	-0.463653	-0.674181
-3.119833	-0.463653	-0.674181
-3.584498	0.026168	-0.833333
-3.119833	0.026168	-0.833333
-1.516065	0.809773	0.255362
-1.523499	0.818715	0.257514
-1.515166	0.810979	0.268162
-1.315287	0.667352	0.465848
-1.296186	0.667352	0.465848
-1.304521	0.657994	0.465848
-1.516065	0.809773	-0.255362
-1.515166	0.810979	-0.268162
-1.523499	0.818715	-0.257514
-1.304521	0.657994	-0.465848
-1.296186	0.667352	-0.465848
-1.315287	0.667352	-0.465848
-4.210563	0.026168	0.317603
-4.424245	0.026168	0.317603
-4.210563	-0.198411	0.224579
-4.424245	-0.198411	0.224579
-4.210563	-0.291435	0.000000
-4.424245	-0.291435	0.000000
-4.210563	-0.198411	-0.224579
-4.424245	-0.198411	-0.224579
-4.210563	0.026168	-0.317603
-4.424245	0.026168	-0.317603
-4.210563	0.250747	-0.224579
-4.424245	0.250747	-0.224579
-4.210563	0.343771	0.000000
-4.424245	0.343771	0.000000
-4.210563	0.250747	0.224579
-4.424245	0.250747	0.224579
-4.424245	0.226439	0.200271
-4.424245	0.026168	0.283226
-4.424245	-0.174103	0.200271
-4.424245	-0.257058	0.000000
-4.424245	-0.174103	-0.200271
-4.424245	0.026168	-0.283226
-4.424245	0.226439	-0.200271
-4.424245	0.309394	0.000000
-4.573010	0.026168	-0.283226
-4.573010	0.226439	-0.200271
-4.573010	0.309394	0.000000
-4.573010	0.226439	0.200271
-4.573010	0.026168	0.283226
-4.573010	-0.174103	0.200271
-4.573010	-0.257058	0.000000
-4.573010	-0.174103	-0.200271
-4.678328	-0.094409	0.120577
-4.678328	-0.144353	0.000000
-4.678328	-0.094409	-0.120577
-4.678328	0.026168	-0.170521
-4.678328	0.146745	-0.120577
-4.678328	0.196689	0.000000
-4.678328	0.146745	0.120577
-4.678328	0.026168	0.170521
-4.452101	0.074603	0.351306
-4.389088	0.291505	0.261462
-4.182709	0.240330	0.282660
-4.245721	0.023428	0.372503
-4.452101	-0.022267	-0.351306
-4.389088	-0.239169	-0.261462
-4.182709	-0.187994	-0.282660
-4.245721	0.028908	-0.372503
-4.338076	0.305264	0.294678
-4.278562	0.254089	0.315876
-4.296732	0.037187	0.405719
-4.356246	0.088362	0.384522
-4.338076	-0.252928	-0.294678
-4.278562	-0.201753	-0.315876
-4.296732	0.015149	-0.405719
-4.356246	-0.036026	-0.384522
-4.273034	0.964653	1.895375
-4.293792	0.621930	2.037336
-4.361776	0.702791	2.003842
-4.341019	1.045514	1.861881
-4.273034	-0.912317	-1.895375
-4.293792	-0.569594	-2.037336
-4.361776	-0.650455	-2.003842
-4.341019	-0.993178	-1.861881
-4.306510	0.770185	2.072595
-4.337878	0.807492	2.057142
-4.328300	0.965614	1.991646
-4.296934	0.928307	2.007098
-4.306510	-0.717849	-2.072595
-4.337878	-0.755156	-2.057142
-4.328300	-0.913278	-1.991646
-4.296934	-0.875971	-2.007098
-2.809012	-1.813520	1.207581
-2.920211	-1.849649	1.207581
-2.988939	-1.944239	1.207581
-2.988945	-2.061161	1.207581
-2.920226	-2.155757	1.207581
-2.809030	-2.191897	1.207581
-2.697826	-2.155778	1.207581
-2.629090	-2.061194	1.207581
-2.629074	-1.944273	1.207581
-2.697784	-1.849670	1.207581
-2.809012	-1.813520	1.356533
-2.920211	-1.849649	1.356533
-2.988939	-1.944239	1.356533
-2.988945	-2.061161	1.356533
-2.920226	-2.155757	1.356533
-2.809030	-2.191897	1.356533
-2.697826	-2.155778	1.356533
-2.629090	-2.061194	1.356533
-2.629074	-1.944273	1.356533
-2.697784	-1.849670	1.356533
-2.809012	-1.813520	-1.207581
-2.920211	-1.849649	-1.207581
-2.988939	-1.944239	-1.207581
-2.988945	-2.061161	-1.207581
-2.920226	-2.155757	-1.207581
-2.809030	-2.191897	-1.207581
-2.697826	-2.155778	-1.207581
-2.629090	-2.061194	-1.207581
-2.629074	-1.944273	-1.207581
-2.697784	-1.849670	-1.207581
-2.697784	-1.849670	-1.356533
-2.629074	-1.944273	-1.356533
-2.629090	-2.061194	-1.356533
-2.697826	-2.155778	-1.356533
-2.809030	-2.191897	-1.356533
-2.920226	-2.155757	-1.356533
-2.988945	-2.061161	-1.356533
-2.988939	-1.944239	-1.356533
-2.920211	-1.849649	-1.356533
-2.809012	-1.813520	-1.356533
4 4 3 1 2 
7 5 189 188 175 174 3 4 
4 9 8 6 7 
4 2 1 8 9 
4 10 11 2 9 
4 11 12 4 2 
4 12 13 5 4 
4 14 10 9 7 
4 15 16 10 14 
4 16 17 11 10 
4 17 18 12 11 
4 18 19 13 12 
4 20 21 16 15 
4 21 22 17 16 
4 22 23 18 17 
4 23 24 19 18 
4 25 26 23 22 
4 26 27 24 23 
4 28 29 21 20 
4 29 25 22 21 
4 30 31 29 28 
4 31 32 25 29 
4 32 33 26 25 
4 33 34 27 26 
4 35 36 31 30 
4 36 37 32 31 
4 37 38 33 32 
4 38 39 34 33 
4 40 41 39 38 
4 42 43 36 35 
4 43 44 37 36 
4 44 40 38 37 
4 58 65 67 55 
4 46 47 8 1 
4 47 48 6 8 
7 211 210 209 208 207 213 212 
6 148 147 61 60 3 45 
6 60 59 52 51 1 3 
6 51 50 142 141 46 1 
6 141 140 149 148 45 46 
4 63 54 52 59 
6 53 57 56 143 142 50 
8 157 156 155 154 153 152 159 158 
6 146 66 64 62 61 147 
4 65 58 54 63 
3 51 52 50 
3 60 61 59 
4 53 50 52 54 
4 58 55 56 57 
4 57 53 54 58 
4 63 59 61 62 
4 62 64 65 63 
4 67 65 64 66 
6 191 190 481 480 511 160 
10 98 97 96 95 572 571 570 569 568 99 
4 6 48 619 661 
4 42 35 632 625 
10 41 40 44 43 42 625 624 623 627 626 
4 39 41 626 628 
4 34 39 628 633 
4 35 30 637 632 
4 27 34 633 640 
4 30 28 639 637 
4 28 20 647 639 
4 24 27 640 643 
4 19 24 643 648 
4 20 15 652 647 
4 13 19 648 654 
4 15 14 653 652 
4 14 7 660 653 
4 5 13 654 662 
4 7 6 661 660 
6 190 189 5 662 482 481 
4 619 48 668 675 
8 510 618 598 590 77 69 49 161 
3 73 162 77 
4 70 71 46 45 
4 71 72 47 46 
6 72 83 669 668 48 47 
4 73 74 71 70 
4 74 75 72 71 
7 75 84 85 671 670 83 72 
8 578 577 580 579 88 87 90 89 
4 590 589 78 77 
4 78 79 73 77 
4 79 80 74 73 
4 80 81 75 74 
5 81 82 76 84 75 
4 82 585 591 76 
3 83 670 669 
3 84 76 85 
4 87 88 667 672 
4 88 579 673 667 
4 578 89 76 591 
4 89 90 85 76 
5 90 87 672 671 85 
6 102 101 105 91 81 80 
5 91 92 121 82 81 
7 121 122 120 546 547 585 82 
4 589 574 93 78 
4 93 94 79 78 
6 94 103 100 102 80 79 
4 574 572 95 93 
4 95 96 94 93 
5 96 97 104 103 94 
5 104 97 98 91 105 
4 98 99 92 91 
6 99 568 575 545 123 92 
3 101 102 100 
3 104 105 103 
4 111 110 113 112 
6 117 116 115 114 119 118 
4 107 108 100 103 
4 108 109 101 100 
4 109 106 105 101 
4 110 111 108 107 
4 111 112 109 108 
4 112 113 106 109 
4 114 115 105 106 
4 115 116 103 105 
4 116 117 107 103 
4 117 118 110 107 
4 118 119 113 110 
4 119 114 106 113 
4 92 123 122 121 
7 537 536 538 133 132 135 134 
4 544 124 123 545 
4 124 125 122 123 
4 125 126 120 122 
4 127 128 125 124 
4 128 129 126 125 
4 540 539 131 130 
4 544 540 130 124 
4 130 131 127 124 
4 132 133 129 128 
4 537 134 131 539 
4 134 135 127 131 
4 135 132 128 127 
4 136 144 143 56 
4 145 150 149 140 
4 151 137 66 146 
4 137 138 67 66 
4 138 139 55 67 
4 139 136 56 55 
4 141 142 143 140 
4 147 148 149 146 
4 145 140 143 144 
4 151 146 149 150 
4 152 153 138 137 
4 153 154 139 138 
4 154 155 136 139 
4 155 156 144 136 
4 156 157 145 144 
4 157 158 150 145 
4 158 159 151 150 
4 159 152 137 151 
4 511 510 161 160 
4 186 176 175 188 
4 177 163 162 173 
4 163 164 49 162 
9 164 311 310 306 308 165 160 161 49 
4 165 187 191 160 
8 311 164 166 167 165 308 307 309 
4 167 183 187 165 
4 182 178 176 186 
4 179 168 163 177 
4 168 166 164 163 
4 185 180 178 182 
4 181 169 168 179 
4 169 170 166 168 
5 170 171 172 167 166 
4 172 184 183 167 
3 174 175 173 
4 189 190 191 188 
4 177 173 175 176 
4 179 177 176 178 
4 181 179 178 180 
4 185 182 183 184 
4 182 186 187 183 
4 186 188 191 187 
4 49 69 77 162 
7 70 45 3 174 173 162 73 
4 192 193 171 170 
4 193 194 172 171 
4 194 195 184 172 
4 195 196 185 184 
4 196 197 180 185 
4 197 198 181 180 
4 198 219 218 181 
4 199 192 170 169 
3 200 198 197 
4 201 202 192 199 
4 202 203 193 192 
4 203 204 194 193 
4 204 205 195 194 
4 205 206 196 195 
4 206 200 197 196 
4 207 208 205 204 
4 208 209 206 205 
4 209 210 200 206 
4 211 212 202 201 
4 212 213 203 202 
4 213 207 204 203 
4 217 219 198 200 
4 251 241 238 250 
3 210 217 200 
4 199 216 215 201 
3 201 215 211 
4 211 215 217 210 
4 214 169 181 218 
4 216 199 169 214 
4 220 221 214 218 
4 221 222 216 214 
4 222 223 215 216 
4 223 224 217 215 
4 224 225 219 217 
4 225 220 218 219 
4 226 227 224 223 
4 227 228 225 224 
4 228 229 220 225 
4 229 230 221 220 
4 230 231 222 221 
4 231 226 223 222 
4 232 233 230 229 
4 233 234 231 230 
4 234 235 226 231 
4 235 236 227 226 
4 236 237 228 227 
4 237 232 229 228 
9 276 275 274 273 272 271 270 278 277 
4 246 249 242 245 
4 239 238 241 240 
3 248 237 236 
3 239 234 233 
3 235 234 240 
3 240 234 239 
4 245 242 243 244 
4 249 246 247 248 
3 247 237 248 
3 232 237 247 
4 244 243 251 250 
4 252 253 235 240 
4 253 254 236 235 
4 254 255 248 236 
4 255 256 249 248 
4 256 257 242 249 
4 257 258 243 242 
4 258 259 251 243 
4 259 260 241 251 
4 260 252 240 241 
4 261 262 259 258 
4 262 263 260 259 
4 263 264 252 260 
4 264 265 253 252 
4 265 266 254 253 
4 266 267 255 254 
4 267 268 256 255 
4 268 269 257 256 
4 269 261 258 257 
4 270 271 268 267 
4 271 272 269 268 
4 272 273 261 269 
4 273 274 262 261 
4 274 275 263 262 
4 275 276 264 263 
4 276 277 265 264 
4 277 278 266 265 
4 278 270 267 266 
4 279 280 232 247 
4 280 281 233 232 
4 281 282 239 233 
4 282 283 238 239 
4 283 284 250 238 
4 284 285 244 250 
4 285 286 245 244 
4 286 287 246 245 
4 287 279 247 246 
4 288 289 286 285 
4 289 290 287 286 
4 290 291 279 287 
4 291 292 280 279 
4 292 293 281 280 
4 293 294 282 281 
4 294 295 283 282 
4 295 296 284 283 
4 296 288 285 284 
4 297 298 295 294 
4 298 299 296 295 
4 299 300 288 296 
4 300 301 289 288 
4 301 302 290 289 
4 302 303 291 290 
4 303 304 292 291 
4 304 305 293 292 
4 305 297 294 293 
6 333 332 331 330 335 334 
4 312 313 306 310 
4 313 314 308 306 
4 314 315 307 308 
4 315 316 309 307 
4 316 317 311 309 
4 317 312 310 311 
4 318 319 316 315 
4 319 320 317 316 
4 320 321 312 317 
4 321 322 313 312 
4 322 323 314 313 
4 323 318 315 314 
4 324 325 322 321 
4 325 326 323 322 
4 326 327 318 323 
4 327 328 319 318 
4 328 329 320 319 
4 329 324 321 320 
4 330 331 328 327 
4 331 332 329 328 
4 332 333 324 329 
4 333 334 325 324 
4 334 335 326 325 
4 335 330 327 326 
4 341 336 345 344 
4 336 337 346 345 
4 337 338 347 346 
4 338 339 342 347 
4 339 340 343 342 
4 340 341 344 343 
4 347 342 351 350 
4 342 343 352 351 
4 343 344 353 352 
4 344 345 348 353 
4 345 346 349 348 
4 346 347 350 349 
4 353 348 357 356 
4 348 349 358 357 
4 349 350 359 358 
4 350 351 354 359 
4 351 352 355 354 
4 352 353 356 355 
4 359 354 360 361 
4 354 355 362 360 
4 355 356 364 362 
4 356 357 363 364 
4 357 358 365 363 
4 358 359 361 365 
6 341 340 339 338 337 336 
4 374 366 378 377 
4 366 367 379 378 
4 367 368 380 379 
4 368 369 381 380 
4 369 370 382 381 
4 370 371 383 382 
4 371 372 375 383 
4 372 373 376 375 
4 373 374 377 376 
4 383 375 387 386 
4 375 376 388 387 
4 376 377 389 388 
4 377 378 390 389 
4 378 379 391 390 
4 379 380 392 391 
4 380 381 384 392 
4 381 382 385 384 
4 382 383 386 385 
4 392 384 425 424 
4 384 385 426 425 
4 385 386 427 426 
4 386 387 421 427 
4 387 388 433 421 
4 388 389 432 433 
4 389 390 438 432 
4 390 391 439 438 
4 391 392 424 439 
4 401 393 405 404 
4 393 394 406 405 
4 394 395 407 406 
4 395 396 408 407 
4 396 397 409 408 
4 397 398 410 409 
4 398 399 402 410 
4 399 400 403 402 
4 400 401 404 403 
4 410 402 414 413 
4 402 403 415 414 
4 403 404 416 415 
4 404 405 417 416 
4 405 406 418 417 
4 406 407 419 418 
4 407 408 411 419 
4 408 409 412 411 
4 409 410 413 412 
4 419 411 430 431 
4 411 412 420 430 
4 412 413 428 420 
4 413 414 429 428 
4 414 415 422 429 
4 415 416 423 422 
4 416 417 435 423 
4 417 418 436 435 
4 418 419 431 436 
4 428 427 421 420 
3 439 424 434 
3 424 423 434 
4 425 422 423 424 
4 429 426 427 428 
3 431 432 437 
3 436 431 437 
3 432 438 437 
3 423 435 434 
4 433 432 431 430 
4 422 425 426 429 
9 401 400 399 398 397 396 395 394 393 
4 439 434 443 442 
4 434 435 444 443 
4 435 436 445 444 
4 436 437 440 445 
4 437 438 441 440 
4 438 439 442 441 
4 445 440 449 448 
4 440 441 450 449 
4 441 442 451 450 
4 442 443 446 451 
4 443 444 447 446 
4 444 445 448 447 
4 451 446 452 453 
4 446 447 454 452 
4 447 448 456 454 
4 448 449 455 456 
4 449 450 457 455 
4 450 451 453 457 
4 472 455 457 502 
4 502 457 453 490 
4 456 460 461 454 
3 470 460 456 
4 455 472 470 456 
3 461 471 454 
4 430 420 421 433 
4 452 454 471 473 
4 464 458 468 467 
4 458 459 469 468 
4 459 460 470 469 
4 461 462 465 471 
4 462 463 466 465 
4 463 464 467 466 
4 471 465 475 474 
4 465 466 476 475 
4 466 467 477 476 
4 467 468 478 477 
4 468 469 479 478 
4 469 470 472 479 
3 471 474 473 
4 479 472 502 501 
4 452 473 490 453 
4 473 474 491 490 
4 474 475 486 491 
4 475 476 487 486 
4 476 477 499 487 
4 477 478 500 499 
4 478 479 501 500 
7 498 497 664 622 597 594 509 
4 598 618 509 590 
4 483 485 484 480 
4 485 489 488 484 
4 489 486 487 488 
4 492 490 491 493 
4 494 492 493 495 
4 498 494 495 496 
4 481 482 483 480 
3 497 498 496 
4 487 499 504 488 
5 499 500 501 505 504 
4 501 502 503 505 
4 502 490 492 503 
4 491 486 489 493 
4 505 503 508 507 
4 503 492 494 508 
4 493 489 485 495 
4 488 504 506 484 
8 363 506 504 505 507 360 362 364 
4 484 506 511 480 
9 511 506 363 365 361 360 507 618 510 
4 507 508 509 618 
4 508 494 498 509 
4 495 485 483 496 
4 519 512 520 534 
4 512 513 521 520 
4 513 514 526 521 
4 514 515 527 526 
4 515 516 535 527 
4 516 517 532 535 
4 517 518 533 532 
4 518 519 534 533 
4 525 520 521 522 
4 531 526 527 528 
4 523 524 525 522 
4 529 530 531 528 
4 535 532 612 611 
4 532 533 600 612 
4 533 534 601 600 
4 534 520 525 601 
4 521 526 531 522 
4 527 535 611 528 
4 538 536 542 541 
4 536 537 539 542 
4 133 538 541 129 
4 539 540 544 542 
4 129 541 543 126 
4 541 542 544 543 
4 126 543 546 120 
4 543 544 545 546 
4 545 575 547 546 
4 553 548 554 561 
4 548 549 557 554 
4 549 550 560 557 
4 550 551 564 560 
4 551 552 562 564 
4 552 553 561 562 
4 554 555 558 561 
4 555 556 559 558 
4 556 557 560 559 
4 561 558 566 562 
4 558 559 567 566 
4 559 560 564 567 
6 553 552 551 550 549 548 
4 557 556 555 554 
3 563 564 562 
3 566 567 565 
4 568 569 576 575 
5 569 570 563 562 576 
5 563 570 571 573 564 
4 571 572 574 573 
6 565 567 564 573 588 587 
4 573 574 589 588 
5 547 575 576 586 585 
6 576 562 566 565 587 586 
5 676 580 577 582 677 
4 577 578 591 582 
4 579 580 676 673 
3 583 582 591 
3 584 674 678 
5 591 585 586 592 583 
4 586 587 593 592 
4 587 588 594 593 
4 588 589 590 594 
7 678 677 582 583 592 595 584 
4 592 593 596 595 
4 593 594 597 596 
6 675 674 584 595 620 619 
4 595 596 621 620 
4 596 597 622 621 
3 594 590 509 
4 602 600 601 603 
4 603 605 604 602 
4 608 604 605 606 
4 614 610 609 613 
4 612 609 610 611 
4 617 614 613 615 
3 607 608 606 
3 616 617 615 
4 609 602 604 613 
6 605 603 601 525 524 606 
8 519 518 517 516 515 514 513 512 
6 528 611 610 614 617 529 
4 613 604 608 615 
6 523 522 531 530 621 622 
6 530 529 617 616 666 621 
6 616 615 608 607 664 666 
6 607 606 524 523 622 664 
7 464 463 462 461 460 459 458 
4 619 620 659 661 
4 620 621 666 659 
4 602 609 612 600 
4 627 623 630 629 
4 623 624 631 630 
4 624 625 632 631 
4 626 627 629 628 
4 628 629 634 633 
4 629 630 635 634 
4 630 631 636 635 
4 631 632 637 636 
4 633 634 641 640 
4 634 635 642 641 
4 635 636 638 642 
4 636 637 639 638 
4 642 638 646 645 
4 638 639 647 646 
4 640 641 644 643 
4 641 642 645 644 
4 643 644 649 648 
4 644 645 650 649 
4 645 646 651 650 
4 646 647 652 651 
4 648 649 655 654 
4 649 650 656 655 
4 650 651 657 656 
4 651 652 653 657 
4 657 653 660 658 
4 654 655 663 662 
4 655 656 665 663 
4 656 657 658 665 
4 666 665 658 659 
4 659 658 660 661 
7 497 496 483 482 662 663 664 
4 664 663 665 666 
4 304 367 366 305 
4 303 368 367 304 
4 302 369 368 303 
4 301 370 369 302 
4 300 371 370 301 
4 299 372 371 300 
4 298 373 372 299 
4 297 374 373 298 
4 305 366 374 297 
3 668 669 68 
3 670 671 86 
3 671 672 86 
3 674 675 599 
3 676 677 581 
3 677 678 581 
4 670 86 68 669 
4 86 672 667 68 
4 668 68 599 675 
4 68 667 673 599 
4 676 581 599 673 
4 581 678 674 599 
4 682 681 679 680 
4 684 683 681 682 
4 686 685 683 684 
4 748 747 750 749 
4 690 689 687 688 
4 692 691 689 690 
4 694 693 691 692 
4 744 743 746 745 
8 681 683 685 687 689 691 693 679 
8 716 715 714 713 712 711 718 717 
4 695 696 680 694 
4 696 697 682 680 
4 697 698 684 682 
4 698 699 686 684 
4 699 700 688 686 
4 700 701 690 688 
4 701 702 692 690 
4 702 695 694 692 
4 703 704 701 700 
4 704 705 702 701 
4 705 706 695 702 
4 706 707 696 695 
4 707 708 697 696 
4 708 709 698 697 
4 709 710 699 698 
4 710 703 700 699 
4 711 712 709 708 
4 712 713 710 709 
4 713 714 703 710 
4 714 715 704 703 
4 715 716 705 704 
4 716 717 706 705 
4 717 718 707 706 
4 718 711 708 707 
3 719 720 680 
3 721 693 720 
4 721 722 679 693 
3 722 719 679 
3 724 686 723 
3 725 685 724 
3 726 687 685 
3 726 688 687 
4 727 728 721 720 
3 729 722 728 
4 729 730 719 722 
4 730 727 720 719 
4 731 732 725 724 
4 732 733 726 725 
4 733 734 723 726 
4 734 731 724 723 
4 735 736 729 728 
4 736 737 730 729 
4 737 738 727 730 
4 738 735 728 727 
4 739 740 733 732 
4 740 741 734 733 
4 741 742 731 734 
4 742 739 732 731 
4 743 744 737 736 
4 744 745 738 737 
4 745 746 735 738 
4 746 743 736 735 
4 747 748 741 740 
4 748 749 742 741 
4 749 750 739 742 
4 750 747 740 739 
3 721 728 722 
3 725 726 685 
3 688 723 686 
3 694 680 720 
3 686 724 685 
3 680 679 719 
3 694 720 693 
3 723 688 726 
10 760 759 758 757 756 755 754 753 752 751 
10 761 762 763 764 765 766 767 768 769 770 
4 752 762 761 751 
4 753 763 762 752 
4 754 764 763 753 
4 755 765 764 754 
4 756 766 765 755 
4 757 767 766 756 
4 758 768 767 757 
4 759 769 768 758 
4 760 770 769 759 
4 751 761 770 760 
10 771 772 773 774 775 776 777 778 779 780 
10 781 782 783 784 785 786 787 788 789 790 
4 771 790 789 772 
4 772 789 788 773 
4 773 788 787 774 
4 774 787 786 775 
4 775 786 785 776 
4 776 785 784 777 
4 777 784 783 778 
4 778 783 782 779 
4 779 782 781 780 
4 780 781 790 771 
