data	1310	2608
0	-1.6	0
0.31214	-1.56926	0
0.61229	-1.47821	0
0.88891	-1.33035	0
1.13137	-1.13137	0
1.33035	-0.88891	0
1.47821	-0.61229	0
1.56926	-0.31214	0
1.6	0	0
1.56926	0.31214	0
1.47821	0.61229	0
1.33035	0.88891	0
1.13137	1.13137	0
0.88891	1.33035	0
0.61229	1.47821	0
0.31214	1.56926	0
0	1.6	0
-0.31214	1.56926	0
-0.61229	1.47821	0
-0.88891	1.33035	0
-1.13137	1.13137	0
-1.33035	0.88891	0
-1.47821	0.61229	0
-1.56926	0.31214	0
-1.6	0	0
-1.56926	-0.31214	0
-1.47821	-0.61229	0
-1.33035	-0.88891	0
-1.13137	-1.13137	0
-0.88891	-1.33035	0
-0.61229	-1.47821	0
-0.31214	-1.56926	0
0	-1.6	0.29421
0.31214	-1.56926	0.29421
0.61229	-1.47821	0.29421
0.88891	-1.33035	0.29421
1.13137	-1.13137	0.29421
1.33035	-0.88891	0.29421
1.47821	-0.61229	0.29421
1.56926	-0.31214	0.29421
1.6	0	0.29421
1.56926	0.31214	0.29421
1.47821	0.61229	0.29421
1.33035	0.88891	0.29421
1.13137	1.13137	0.29421
0.88891	1.33035	0.29421
0.61229	1.47821	0.29421
0.31214	1.56926	0.29421
0	1.6	0.29421
-0.31214	1.56926	0.29421
-0.61229	1.47821	0.29421
-0.88891	1.33035	0.29421
-1.13137	1.13137	0.29421
-1.33035	0.88891	0.29421
-1.47821	0.61229	0.29421
-1.56926	0.31214	0.29421
-1.6	0	0.29421
-1.56926	-0.31214	0.29421
-1.47821	-0.61229	0.29421
-1.33035	-0.88891	0.29421
-1.13137	-1.13137	0.29421
-0.88891	-1.33035	0.29421
-0.61229	-1.47821	0.29421
-0.31214	-1.56926	0.29421
0	-1.6	0.67543
0.31214	-1.56926	0.67543
0.61229	-1.47821	0.67543
0.88891	-1.33035	0.67543
1.13137	-1.13137	0.67543
1.33035	-0.88891	0.67543
1.47821	-0.61229	0.67543
1.56926	-0.31214	0.67543
1.6	0	0.67543
1.56926	0.31214	0.67543
1.47821	0.61229	0.67543
1.33035	0.88891	0.67543
1.13137	1.13137	0.67543
0.88891	1.33035	0.67543
0.61229	1.47821	0.67543
0.31214	1.56926	0.67543
0	1.6	0.67543
-0.31214	1.56926	0.67543
-0.61229	1.47821	0.67543
-0.88891	1.33035	0.67543
-1.13137	1.13137	0.67543
-1.33035	0.88891	0.67543
-1.47821	0.61229	0.67543
-1.56926	0.31214	0.67543
-1.6	0	0.67543
-1.56926	-0.31214	0.67543
-1.47821	-0.61229	0.67543
-1.33035	-0.88891	0.67543
-1.13137	-1.13137	0.67543
-0.88891	-1.33035	0.67543
-0.61229	-1.47821	0.67543
-0.31214	-1.56926	0.67543
0	-1.45886	0.79543
0.28461	-1.43082	0.79543
0.55828	-1.34781	0.79543
0.8105	-1.21299	0.79543
1.03157	-1.03157	0.79543
1.21299	-0.8105	0.79543
1.34781	-0.55828	0.79543
1.43082	-0.28461	0.79543
1.45886	0	0.79543
1.43082	0.28461	0.79543
1.34781	0.55828	0.79543
1.21299	0.8105	0.79543
1.03157	1.03157	0.79543
0.8105	1.21299	0.79543
0.55828	1.34781	0.79543
0.28461	1.43082	0.79543
0	1.45886	0.79543
-0.28461	1.43082	0.79543
-0.55828	1.34781	0.79543
-0.8105	1.21299	0.79543
-1.03157	1.03157	0.79543
-1.21299	0.8105	0.79543
-1.34781	0.55828	0.79543
-1.43082	0.28461	0.79543
-1.45886	0	0.79543
-1.43082	-0.28461	0.79543
-1.34781	-0.55828	0.79543
-1.21299	-0.8105	0.79543
-1.03157	-1.03157	0.79543
-0.8105	-1.21299	0.79543
-0.55828	-1.34781	0.79543
-0.28461	-1.43082	0.79543
0	-0.86975	0.84024
0.16968	-0.85304	0.84024
0.33284	-0.80355	0.84024
0.48321	-0.72317	0.84024
0.61501	-0.61501	0.84024
0.72317	-0.48321	0.84024
0.80355	-0.33284	0.84024
0.85304	-0.16968	0.84024
0.86975	0	0.84024
0.85304	0.16968	0.84024
0.80355	0.33284	0.84024
0.72317	0.48321	0.84024
0.61501	0.61501	0.84024
0.48321	0.72317	0.84024
0.33284	0.80355	0.84024
0.16968	0.85304	0.84024
0	0.86975	0.84024
-0.16968	0.85304	0.84024
-0.33284	0.80355	0.84024
-0.48321	0.72317	0.84024
-0.61501	0.61501	0.84024
-0.72317	0.48321	0.84024
-0.80355	0.33284	0.84024
-0.85304	0.16968	0.84024
-0.86975	0	0.84024
-0.85304	-0.16968	0.84024
-0.80355	-0.33284	0.84024
-0.72317	-0.48321	0.84024
-0.61501	-0.61501	0.84024
-0.48321	-0.72317	0.84024
-0.33284	-0.80355	0.84024
-0.16968	-0.85304	0.84024
0	-0.51946	3.98652
0.10134	-0.50948	3.98652
0.19879	-0.47992	3.98652
0.2886	-0.43191	3.98652
0.36731	-0.36731	3.98652
0.43191	-0.2886	3.98652
0.47992	-0.19879	3.98652
0.50948	-0.10134	3.98652
0.51946	0	3.98652
0.50948	0.10134	3.98652
0.47992	0.19879	3.98652
0.43191	0.2886	3.98652
0.36731	0.36731	3.98652
0.2886	0.43191	3.98652
0.19879	0.47992	3.98652
0.10134	0.50948	3.98652
0	0.51946	3.98652
-0.10134	0.50948	3.98652
-0.19879	0.47992	3.98652
-0.2886	0.43191	3.98652
-0.36731	0.36731	3.98652
-0.43191	0.2886	3.98652
-0.47992	0.19879	3.98652
-0.50948	0.10134	3.98652
-0.51946	0	3.98652
-0.50948	-0.10134	3.98652
-0.47992	-0.19879	3.98652
-0.43191	-0.2886	3.98652
-0.36731	-0.36731	3.98652
-0.2886	-0.43191	3.98652
-0.19879	-0.47992	3.98652
-0.10134	-0.50948	3.98652
0.00171	0.00256	6.02464
0.14803	0.00256	6.01023
0.14521	0.0311	6.01023
0.13689	0.05855	6.01023
0.12337	0.08385	6.01023
0.10517	0.10602	6.01023
0.083	0.12422	6.01023
0.0577	0.13774	6.01023
0.03025	0.14607	6.01023
0.00171	0.14888	6.01023
-0.02684	0.14607	6.01023
-0.05429	0.13774	6.01023
-0.07958	0.12422	6.01023
-0.10175	0.10602	6.01023
-0.11995	0.08385	6.01023
-0.13347	0.05855	6.01023
-0.1418	0.0311	6.01023
-0.14461	0.00256	6.01023
-0.1418	-0.02599	6.01023
-0.13347	-0.05343	6.01023
-0.11995	-0.07873	6.01023
-0.10175	-0.1009	6.01023
-0.07958	-0.1191	6.01023
-0.05429	-0.13262	6.01023
-0.02684	-0.14095	6.01023
0.00171	-0.14376	6.01023
0.03025	-0.14095	6.01023
0.0577	-0.13262	6.01023
0.083	-0.1191	6.01023
0.10517	-0.1009	6.01023
0.12337	-0.07873	6.01023
0.13689	-0.05343	6.01023
0.14521	-0.02599	6.01023
0.28872	0.00256	5.96755
0.28321	0.05855	5.96755
0.26687	0.11239	5.96755
0.24035	0.16202	5.96755
0.20466	0.20551	5.96755
0.16116	0.2412	5.96755
0.11154	0.26772	5.96755
0.0577	0.28406	5.96755
0.00171	0.28957	5.96755
-0.05429	0.28406	5.96755
-0.10813	0.26772	5.96755
-0.15775	0.2412	5.96755
-0.20124	0.20551	5.96755
-0.23693	0.16202	5.96755
-0.26346	0.11239	5.96755
-0.27979	0.05855	5.96755
-0.2853	0.00256	5.96755
-0.27979	-0.05343	5.96755
-0.26346	-0.10728	5.96755
-0.23693	-0.1569	5.96755
-0.20124	-0.20039	5.96755
-0.15775	-0.23608	5.96755
-0.10813	-0.26261	5.96755
-0.05429	-0.27894	5.96755
0.00171	-0.28445	5.96755
0.0577	-0.27894	5.96755
0.11154	-0.26261	5.96755
0.16116	-0.23608	5.96755
0.20466	-0.20039	5.96755
0.24035	-0.1569	5.96755
0.26687	-0.10728	5.96755
0.28321	-0.05343	5.96755
0.41839	0.00256	5.87954
0.41038	0.08385	5.87954
0.38667	0.16202	5.87954
0.34816	0.23405	5.87954
0.29634	0.2972	5.87954
0.2332	0.34901	5.87954
0.16116	0.38752	5.87954
0.083	0.41123	5.87954
0.00171	0.41924	5.87954
-0.07958	0.41123	5.87954
-0.15775	0.38752	5.87954
-0.22979	0.34901	5.87954
-0.29293	0.2972	5.87954
-0.34475	0.23405	5.87954
-0.38325	0.16202	5.87954
-0.40696	0.08385	5.87954
-0.41497	0.00256	5.87954
-0.40696	-0.07873	5.87954
-0.38325	-0.1569	5.87954
-0.34475	-0.22893	5.87954
-0.29293	-0.29208	5.87954
-0.22979	-0.3439	5.87954
-0.15775	-0.3824	5.87954
-0.07958	-0.40611	5.87954
0.00171	-0.41412	5.87954
0.083	-0.40611	5.87954
0.16116	-0.3824	5.87954
0.2332	-0.3439	5.87954
0.29634	-0.29208	5.87954
0.34816	-0.22893	5.87954
0.38667	-0.1569	5.87954
0.41038	-0.07873	5.87954
0.53204	0.00256	5.73539
0.52185	0.10602	5.73539
0.49167	0.20551	5.73539
0.44266	0.2972	5.73539
0.37671	0.37756	5.73539
0.29634	0.44351	5.73539
0.20466	0.49252	5.73539
0.10517	0.5227	5.73539
0.00171	0.53289	5.73539
-0.10175	0.5227	5.73539
-0.20124	0.49252	5.73539
-0.29293	0.44351	5.73539
-0.37329	0.37756	5.73539
-0.43925	0.29719	5.73539
-0.48825	0.20551	5.73539
-0.51843	0.10602	5.73539
-0.52862	0.00256	5.73539
-0.51843	-0.1009	5.73539
-0.48825	-0.20039	5.73539
-0.43924	-0.29208	5.73539
-0.37329	-0.37244	5.73539
-0.29293	-0.43839	5.73539
-0.20124	-0.4874	5.73539
-0.10175	-0.51758	5.73539
0.00171	-0.52777	5.73539
0.10517	-0.51758	5.73539
0.20466	-0.4874	5.73539
0.29634	-0.43839	5.73539
0.37671	-0.37244	5.73539
0.44266	-0.29208	5.73539
0.49167	-0.20039	5.73539
0.52185	-0.1009	5.73539
0.62811	0.00256	5.55391
0.61607	0.12476	5.55391
0.58043	0.24227	5.55391
0.52254	0.35057	5.55391
0.44464	0.44549	5.55391
0.34972	0.52339	5.55391
0.24142	0.58128	5.55391
0.12391	0.61693	5.55391
0.00171	0.62896	5.55391
-0.1205	0.61693	5.55391
-0.23801	0.58128	5.55391
-0.3463	0.52339	5.55391
-0.44123	0.44549	5.55391
-0.51913	0.35057	5.55391
-0.57701	0.24227	5.55391
-0.61266	0.12476	5.55391
-0.62469	0.00256	5.55391
-0.61266	-0.11965	5.55391
-0.57701	-0.23715	5.55391
-0.51913	-0.34545	5.55391
-0.44123	-0.44037	5.55391
-0.1205	-0.61181	5.55391
0.00171	-0.62384	5.55391
0.12391	-0.61181	5.55391
0.44464	-0.44037	5.55391
0.52254	-0.34545	5.55391
0.58043	-0.23715	5.55391
0.61607	-0.11965	5.55391
0.7097	0.00256	5.35593
0.6961	0.14068	5.35593
0.65581	0.2735	5.35593
0.59038	0.3959	5.35593
0.50234	0.50319	5.35593
0.39505	0.59124	5.35593
0.27265	0.65666	5.35593
0.13983	0.69695	5.35593
0.00171	0.71055	5.35593
-0.13641	0.69695	5.35593
-0.26923	0.65666	5.35593
-0.39163	0.59124	5.35593
-0.49892	0.50319	5.35593
-0.58697	0.3959	5.35593
-0.65239	0.2735	5.35593
-0.69268	0.14068	5.35593
-0.70629	0.00256	5.35593
-0.69268	-0.13556	5.35593
-0.65239	-0.26838	5.35593
-0.49892	-0.49807	5.35593
-0.39163	-0.58612	5.35593
-0.26923	-0.65154	5.35593
-0.13641	-0.69183	5.35593
0.00171	-0.70544	5.35593
0.13983	-0.69183	5.35593
0.27265	-0.65154	5.35593
0.39505	-0.58612	5.35593
0.50234	-0.49807	5.35593
0.65581	-0.26838	5.35593
0.6961	-0.13556	5.35593
0.77441	0.00256	5.14364
0.75956	0.15331	5.14364
0.71559	0.29826	5.14364
0.64418	0.43185	5.14364
0.54809	0.54894	5.14364
0.431	0.64503	5.14364
0.29741	0.71644	5.14364
0.15245	0.76041	5.14364
0.00171	0.77526	5.14364
-0.14904	0.76041	5.14364
-0.29399	0.71644	5.14364
-0.42758	0.64503	5.14364
-0.54467	0.54894	5.14364
-0.64077	0.43185	5.14364
-0.71217	0.29826	5.14364
-0.75614	0.15331	5.14364
-0.77099	0.00256	5.14364
-0.75614	-0.14819	5.14364
-0.64077	-0.42673	5.14364
-0.54467	-0.54382	5.14364
-0.42758	-0.63991	5.14364
-0.29399	-0.71132	5.14364
-0.14904	-0.75529	5.14364
0.00171	-0.77014	5.14364
0.15245	-0.75529	5.14364
0.29741	-0.71132	5.14364
0.431	-0.63991	5.14364
0.54809	-0.54382	5.14364
0.64418	-0.42673	5.14364
0.75956	-0.14819	5.14364
0.81584	0.00256	4.91683
0.8002	0.16139	4.91683
0.75387	0.31412	4.91683
0.67864	0.45487	4.91683
0.57739	0.57824	4.91683
0.45402	0.67949	4.91683
0.31326	0.75472	4.91683
0.16054	0.80105	4.91683
0.00171	0.8167	4.91683
-0.15712	0.80105	4.91683
-0.30985	0.75472	4.91683
-0.4506	0.67949	4.91683
-0.57397	0.57824	4.91683
-0.67522	0.45487	4.91683
-0.75046	0.31412	4.91683
-0.79678	0.16139	4.91683
-0.81243	0.00256	4.91683
-0.79678	-0.15627	4.91683
-0.75046	-0.309	4.91683
-0.67522	-0.44975	4.91683
-0.57397	-0.57312	4.91683
-0.4506	-0.67437	4.91683
-0.30985	-0.7496	4.91683
-0.15712	-0.79593	4.91683
0.00171	-0.81158	4.91683
0.16054	-0.79593	4.91683
0.31326	-0.7496	4.91683
0.45402	-0.67437	4.91683
0.57739	-0.57312	4.91683
0.67864	-0.44975	4.91683
0.75387	-0.309	4.91683
0.8002	-0.15627	4.91683
0.82591	0.00256	4.67918
0.81007	0.16335	4.67918
0.76317	0.31797	4.67918
0.687	0.46046	4.67918
0.5845	0.58536	4.67918
0.45961	0.68786	4.67918
0.31712	0.76402	4.67918
0.1625	0.81092	4.67918
0.00171	0.82676	4.67918
-0.15909	0.81092	4.67918
-0.3137	0.76402	4.67918
-0.45619	0.68786	4.67918
-0.58109	0.58536	4.67918
-0.68359	0.46046	4.67918
-0.75975	0.31797	4.67918
-0.80665	0.16335	4.67918
-0.82249	0.00256	4.67918
-0.80665	-0.15823	4.67918
-0.75975	-0.31285	4.67918
-0.68359	-0.45534	4.67918
-0.58109	-0.58024	4.67918
-0.45619	-0.68274	4.67918
-0.3137	-0.7589	4.67918
-0.15908	-0.8058	4.67918
0.00171	-0.82164	4.67918
0.1625	-0.8058	4.67918
0.31712	-0.7589	4.67918
0.45961	-0.68274	4.67918
0.58451	-0.58024	4.67918
0.687	-0.45534	4.67918
0.76317	-0.31285	4.67918
0.81007	-0.15823	4.67918
0.79806	0.00256	4.44047
0.78276	0.15792	4.44047
0.73745	0.30731	4.44047
0.66385	0.44499	4.44047
0.56482	0.56567	4.44047
0.44414	0.66471	4.44047
0.30646	0.7383	4.44047
0.15707	0.78361	4.44047
0.00171	0.79892	4.44047
-0.15365	0.78361	4.44047
-0.30304	0.7383	4.44047
-0.44072	0.66471	4.44047
-0.5614	0.56567	4.44047
-0.66044	0.44499	4.44047
-0.73403	0.30731	4.44047
-0.77935	0.15792	4.44047
-0.79465	0.00256	4.44047
-0.77935	-0.1528	4.44047
-0.73403	-0.30219	4.44047
-0.66044	-0.43987	4.44047
-0.5614	-0.56055	4.44047
-0.44072	-0.65959	4.44047
-0.30304	-0.73318	4.44047
-0.15365	-0.7785	4.44047
0.00171	-0.7938	4.44047
0.15707	-0.7785	4.44047
0.30646	-0.73318	4.44047
0.44414	-0.65959	4.44047
0.56482	-0.56055	4.44047
0.66385	-0.43987	4.44047
0.73745	-0.30219	4.44047
0.78276	-0.1528	4.44047
0.72998	0.00256	4.21468
0.71599	0.14464	4.21468
0.67454	0.28126	4.21468
0.60725	0.40717	4.21468
0.51667	0.51753	4.21468
0.40632	0.6081	4.21468
0.28041	0.6754	4.21468
0.14379	0.71684	4.21468
0.00171	0.73083	4.21468
-0.14037	0.71684	4.21468
-0.27699	0.6754	4.21468
-0.4029	0.6081	4.21468
-0.51326	0.51753	4.21468
-0.60383	0.40717	4.21468
-0.67113	0.28126	4.21468
-0.71257	0.14464	4.21468
-0.72656	0.00256	4.21468
-0.71257	-0.13952	4.21468
-0.67113	-0.27614	4.21468
-0.60383	-0.40205	4.21468
-0.51326	-0.51241	4.21468
-0.4029	-0.60298	4.21468
-0.27699	-0.67028	4.21468
-0.14037	-0.71172	4.21468
0.00171	-0.72571	4.21468
0.14379	-0.71172	4.21468
0.28041	-0.67028	4.21468
0.40632	-0.60298	4.21468
0.51668	-0.51241	4.21468
0.60725	-0.40205	4.21468
0.67454	-0.27614	4.21468
0.71599	-0.13952	4.21468
0.6244	0.00256	4.01629
0.61243	0.12404	4.01629
0.577	0.24085	4.01629
0.51945	0.34851	4.01629
0.44201	0.44287	4.01629
0.34765	0.5203	4.01629
0.24	0.57785	4.01629
0.12319	0.61328	4.01629
0.00171	0.62525	4.01629
-0.11977	0.61328	4.01629
-0.23658	0.57785	4.01629
-0.34424	0.5203	4.01629
-0.4386	0.44287	4.01629
-0.51604	0.34851	4.01629
-0.57358	0.24085	4.01629
-0.60901	0.12404	4.01629
-0.62098	0.00256	4.01629
-0.60901	-0.11892	4.01629
-0.57358	-0.23573	4.01629
-0.51604	-0.34339	4.01629
-0.4386	-0.43775	4.01629
-0.34424	-0.51519	4.01629
-0.23658	-0.57273	4.01629
-0.11977	-0.60816	4.01629
0.00171	-0.62013	4.01629
0.12319	-0.60816	4.01629
0.24	-0.57273	4.01629
0.34765	-0.51519	4.01629
0.44201	-0.43775	4.01629
0.51945	-0.34339	4.01629
0.577	-0.23573	4.01629
0.61243	-0.11892	4.01629
0.48873	0.00256	3.85673
0.47937	0.09757	3.85673
0.45166	0.18893	3.85673
0.40665	0.27313	3.85673
0.34608	0.34694	3.85673
0.27228	0.4075	3.85673
0.18808	0.45251	3.85673
0.09672	0.48022	3.85673
0.00171	0.48958	3.85673
-0.0933	0.48022	3.85673
-0.18467	0.45251	3.85673
-0.26887	0.4075	3.85673
-0.34267	0.34694	3.85673
-0.40324	0.27313	3.85673
-0.44824	0.18893	3.85673
-0.47595	0.09757	3.85673
-0.48531	0.00256	3.85673
-0.47595	-0.09245	3.85673
-0.44824	-0.18382	3.85673
-0.40323	-0.26802	3.85673
-0.34267	-0.34182	3.85673
-0.26887	-0.40238	3.85673
-0.18467	-0.44739	3.85673
-0.0933	-0.4751	3.85673
0.00171	-0.48446	3.85673
0.09672	-0.4751	3.85673
0.18808	-0.44739	3.85673
0.27228	-0.40238	3.85673
0.34608	-0.34182	3.85673
0.40665	-0.26801	3.85673
0.45166	-0.18382	3.85673
0.47937	-0.09245	3.85673
0.33349	0.00256	3.74193
0.32711	0.06729	3.74193
0.30823	0.12953	3.74193
0.27757	0.18689	3.74193
0.23631	0.23716	3.74193
0.18603	0.27842	3.74193
0.12867	0.30908	3.74193
0.06644	0.32796	3.74193
0.00171	0.33434	3.74193
-0.06302	0.32796	3.74193
-0.12526	0.30908	3.74193
-0.18262	0.27842	3.74193
-0.23289	0.23716	3.74193
-0.27416	0.18689	3.74193
-0.30482	0.12953	3.74193
-0.3237	0.06729	3.74193
-0.33007	0.00256	3.74193
-0.3237	-0.06217	3.74193
-0.30481	-0.12441	3.74193
-0.27416	-0.18177	3.74193
-0.23289	-0.23204	3.74193
-0.18262	-0.2733	3.74193
-0.12526	-0.30396	3.74193
-0.06302	-0.32284	3.74193
0.00171	-0.32922	3.74193
0.06644	-0.32284	3.74193
0.12867	-0.30396	3.74193
0.18603	-0.2733	3.74193
0.23631	-0.23204	3.74193
0.27757	-0.18177	3.74193
0.30823	-0.12441	3.74193
0.32711	-0.06217	3.74193
0.16839	0.00256	3.67269
0.16518	0.03508	3.67269
0.1557	0.06634	3.67269
0.1403	0.09516	3.67269
0.11957	0.12042	3.67269
0.09431	0.14115	3.67269
0.06549	0.15655	3.67269
0.03423	0.16604	3.67269
0.00171	0.16924	3.67269
-0.03081	0.16604	3.67269
-0.06208	0.15655	3.67269
-0.09089	0.14115	3.67269
-0.11615	0.12042	3.67269
-0.13688	0.09516	3.67269
-0.15228	0.06634	3.67269
-0.16177	0.03508	3.67269
-0.16497	0.00256	3.67269
-0.16177	-0.02996	3.67269
-0.15228	-0.06123	3.67269
-0.13688	-0.09004	3.67269
-0.11615	-0.1153	3.67269
-0.09089	-0.13603	3.67269
-0.06208	-0.15143	3.67269
-0.03081	-0.16092	3.67269
0.00171	-0.16412	3.67269
0.03423	-0.16092	3.67269
0.06549	-0.15143	3.67269
0.09431	-0.13603	3.67269
0.11957	-0.1153	3.67269
0.1403	-0.09004	3.67269
0.1557	-0.06123	3.67269
0.16518	-0.02996	3.67269
0.00171	0.00256	3.64679
0	0	6.16237
0.02986	0	6.15943
0.02929	0.00583	6.15943
0.02759	0.01143	6.15943
0.02483	0.01659	6.15943
0.02111	0.02111	6.15943
0.01659	0.02483	6.15943
0.01143	0.02759	6.15943
0.00583	0.02929	6.15943
0	0.02986	6.15943
-0.00583	0.02929	6.15943
-0.01143	0.02759	6.15943
-0.01659	0.02483	6.15943
-0.02112	0.02111	6.15943
-0.02483	0.01659	6.15943
-0.02759	0.01143	6.15943
-0.02929	0.00583	6.15943
-0.02986	0	6.15943
-0.02929	-0.00583	6.15943
-0.02759	-0.01143	6.15943
-0.02483	-0.01659	6.15943
-0.02112	-0.02111	6.15943
-0.01659	-0.02483	6.15943
-0.01143	-0.02759	6.15943
-0.00583	-0.02929	6.15943
0	-0.02986	6.15943
0.00583	-0.02929	6.15943
0.01143	-0.02759	6.15943
0.01659	-0.02483	6.15943
0.02111	-0.02111	6.15943
0.02483	-0.01659	6.15943
0.02759	-0.01143	6.15943
0.02929	-0.00583	6.15943
0.05857	0	6.15072
0.05745	0.01143	6.15072
0.05412	0.02242	6.15072
0.0487	0.03254	6.15072
0.04142	0.04142	6.15072
0.03254	0.0487	6.15072
0.02242	0.05412	6.15072
0.01143	0.05745	6.15072
0	0.05857	6.15072
-0.01143	0.05745	6.15072
-0.02242	0.05412	6.15072
-0.03254	0.0487	6.15072
-0.04142	0.04142	6.15072
-0.0487	0.03254	6.15072
-0.05412	0.02242	6.15072
-0.05745	0.01143	6.15072
-0.05857	0	6.15072
-0.05745	-0.01143	6.15072
-0.05412	-0.02242	6.15072
-0.0487	-0.03254	6.15072
-0.04142	-0.04142	6.15072
-0.03254	-0.0487	6.15072
-0.02242	-0.05412	6.15072
-0.01143	-0.05745	6.15072
0	-0.05857	6.15072
0.01143	-0.05745	6.15072
0.02242	-0.05412	6.15072
0.03254	-0.0487	6.15072
0.04142	-0.04142	6.15072
0.0487	-0.03254	6.15072
0.05412	-0.02242	6.15072
0.05745	-0.01143	6.15072
0.08504	0	6.13903
0.0834	0.01659	6.13903
0.07856	0.03254	6.13903
0.0707	0.04724	6.13903
0.06013	0.06013	6.13903
0.04724	0.07071	6.13903
0.03254	0.07856	6.13903
0.01659	0.0834	6.13903
0	0.08504	6.13903
-0.01659	0.0834	6.13903
-0.03254	0.07856	6.13903
-0.04724	0.07071	6.13903
-0.06013	0.06013	6.13903
-0.07071	0.04724	6.13903
-0.07856	0.03254	6.13903
-0.0834	0.01659	6.13903
-0.08504	0	6.13903
-0.0834	-0.01659	6.13903
-0.07856	-0.03254	6.13903
-0.07071	-0.04724	6.13903
-0.06013	-0.06013	6.13903
-0.04724	-0.07071	6.13903
-0.03254	-0.07856	6.13903
-0.01659	-0.0834	6.13903
0	-0.08504	6.13903
0.01659	-0.0834	6.13903
0.03254	-0.07856	6.13903
0.04724	-0.07071	6.13903
0.06013	-0.06013	6.13903
0.0707	-0.04724	6.13903
0.07856	-0.03254	6.13903
0.0834	-0.01659	6.13903
0.10823	0	6.1267
0.10615	0.02111	6.1267
0.09999	0.04142	6.1267
0.08999	0.06013	6.1267
0.07653	0.07653	6.1267
0.06013	0.08999	6.1267
0.04142	0.09999	6.1267
0.02111	0.10615	6.1267
0	0.10823	6.1267
-0.02112	0.10615	6.1267
-0.04142	0.09999	6.1267
-0.06013	0.08999	6.1267
-0.07653	0.07653	6.1267
-0.08999	0.06013	6.1267
-0.09999	0.04142	6.1267
-0.10615	0.02111	6.1267
-0.10823	0	6.1267
-0.10615	-0.02111	6.1267
-0.09999	-0.04142	6.1267
-0.08999	-0.06013	6.1267
-0.07653	-0.07653	6.1267
-0.06013	-0.08999	6.1267
-0.04142	-0.09999	6.1267
-0.02112	-0.10615	6.1267
0	-0.10823	6.1267
0.02111	-0.10615	6.1267
0.04142	-0.09999	6.1267
0.06013	-0.08999	6.1267
0.07653	-0.07653	6.1267
0.08999	-0.06013	6.1267
0.09999	-0.04142	6.1267
0.10615	-0.02111	6.1267
0.12727	0	6.11338
0.12482	0.02483	6.11338
0.11758	0.0487	6.11338
0.10582	0.07071	6.11338
0.08999	0.08999	6.11338
0.0707	0.10582	6.11338
0.0487	0.11758	6.11338
0.02483	0.12482	6.11338
0	0.12727	6.11338
-0.02483	0.12482	6.11338
-0.0487	0.11758	6.11338
-0.07071	0.10582	6.11338
-0.08999	0.08999	6.11338
-0.10582	0.07071	6.11338
-0.11758	0.0487	6.11338
-0.12482	0.02483	6.11338
-0.12727	0	6.11338
-0.12482	-0.02483	6.11338
-0.11758	-0.0487	6.11338
-0.10582	-0.07071	6.11338
-0.08999	-0.08999	6.11338
-0.07071	-0.10582	6.11338
-0.0487	-0.11758	6.11338
-0.02483	-0.12482	6.11338
0	-0.12727	6.11338
0.02483	-0.12482	6.11338
0.0487	-0.11758	6.11338
0.0707	-0.10582	6.11338
0.08999	-0.08999	6.11338
0.10582	-0.07071	6.11338
0.11758	-0.0487	6.11338
0.12482	-0.02483	6.11338
0.14141	0	6.09888
0.13869	0.02759	6.09888
0.13065	0.05412	6.09888
0.11758	0.07856	6.09888
0.09999	0.09999	6.09888
0.07856	0.11758	6.09888
0.05412	0.13065	6.09888
0.02759	0.13869	6.09888
0	0.14141	6.09888
-0.02759	0.13869	6.09888
-0.05412	0.13065	6.09888
-0.07856	0.11758	6.09888
-0.09999	0.09999	6.09888
-0.11758	0.07856	6.09888
-0.13065	0.05412	6.09888
-0.13869	0.02759	6.09888
-0.14141	0	6.09888
-0.13869	-0.02759	6.09888
-0.13065	-0.05412	6.09888
-0.11758	-0.07856	6.09888
-0.09999	-0.09999	6.09888
-0.07856	-0.11758	6.09888
-0.05412	-0.13065	6.09888
-0.02759	-0.13869	6.09888
0	-0.14141	6.09888
0.02759	-0.13869	6.09888
0.05412	-0.13065	6.09888
0.07856	-0.11758	6.09888
0.09999	-0.09999	6.09888
0.11758	-0.07856	6.09888
0.13065	-0.05412	6.09888
0.13869	-0.02759	6.09888
0.15012	0	6.08316
0.14724	0.02929	6.08316
0.13869	0.05745	6.08316
0.12482	0.0834	6.08316
0.10615	0.10615	6.08316
0.0834	0.12482	6.08316
0.05745	0.13869	6.08316
0.02929	0.14724	6.08316
0	0.15012	6.08316
-0.02929	0.14724	6.08316
-0.05745	0.13869	6.08316
-0.0834	0.12482	6.08316
-0.10615	0.10615	6.08316
-0.12482	0.0834	6.08316
-0.13869	0.05745	6.08316
-0.14724	0.02929	6.08316
-0.15012	0	6.08316
-0.14724	-0.02929	6.08316
-0.13869	-0.05745	6.08316
-0.12482	-0.0834	6.08316
-0.10615	-0.10615	6.08316
-0.0834	-0.12482	6.08316
-0.05745	-0.13869	6.08316
-0.02929	-0.14724	6.08316
0	-0.15012	6.08316
0.02929	-0.14724	6.08316
0.05745	-0.13869	6.08316
0.0834	-0.12482	6.08316
0.10615	-0.10615	6.08316
0.12482	-0.0834	6.08316
0.13869	-0.05745	6.08316
0.14724	-0.02929	6.08316
0.15306	0	6.06641
0.15012	0.02986	6.06641
0.14141	0.05857	6.06641
0.12727	0.08504	6.06641
0.10823	0.10823	6.06641
0.08504	0.12727	6.06641
0.05857	0.14141	6.06641
0.02986	0.15012	6.06641
0	0.15306	6.06641
-0.02986	0.15012	6.06641
-0.05857	0.14141	6.06641
-0.08504	0.12727	6.06641
-0.10823	0.10823	6.06641
-0.12727	0.08504	6.06641
-0.14141	0.05857	6.06641
-0.15012	0.02986	6.06641
-0.15306	0	6.06641
-0.15012	-0.02986	6.06641
-0.14141	-0.05857	6.06641
-0.12727	-0.08504	6.06641
-0.10823	-0.10823	6.06641
-0.08504	-0.12727	6.06641
-0.05857	-0.14141	6.06641
-0.02986	-0.15012	6.06641
0	-0.15306	6.06641
0.02986	-0.15012	6.06641
0.05857	-0.14141	6.06641
0.08504	-0.12727	6.06641
0.10823	-0.10823	6.06641
0.12727	-0.08504	6.06641
0.14141	-0.05857	6.06641
0.15012	-0.02986	6.06641
0.15012	0	6.04902
0.14724	0.02929	6.04902
0.13869	0.05745	6.04902
0.12482	0.0834	6.04902
0.10615	0.10615	6.04902
0.0834	0.12482	6.04902
0.05745	0.13869	6.04902
0.02929	0.14724	6.04902
0	0.15012	6.04902
-0.02929	0.14724	6.04902
-0.05745	0.13869	6.04902
-0.0834	0.12482	6.04902
-0.10615	0.10615	6.04902
-0.12482	0.0834	6.04902
-0.13869	0.05745	6.04902
-0.14724	0.02929	6.04902
-0.15012	0	6.04902
-0.14724	-0.02929	6.04902
-0.13869	-0.05745	6.04902
-0.12482	-0.0834	6.04902
-0.10615	-0.10615	6.04902
-0.0834	-0.12482	6.04902
-0.05745	-0.13869	6.04902
-0.02929	-0.14724	6.04902
0	-0.15012	6.04902
0.02929	-0.14724	6.04902
0.05745	-0.13869	6.04902
0.0834	-0.12482	6.04902
0.10615	-0.10615	6.04902
0.12482	-0.0834	6.04902
0.13869	-0.05745	6.04902
0.14724	-0.02929	6.04902
0.14141	0	6.03157
0.13869	0.02759	6.03157
0.13065	0.05412	6.03157
0.11758	0.07856	6.03157
0.09999	0.09999	6.03157
0.07856	0.11758	6.03157
0.05412	0.13065	6.03157
0.02759	0.13869	6.03157
0	0.14141	6.03157
-0.02759	0.13869	6.03157
-0.05412	0.13065	6.03157
-0.07856	0.11758	6.03157
-0.09999	0.09999	6.03157
-0.11758	0.07856	6.03157
-0.13065	0.05412	6.03157
-0.13869	0.02759	6.03157
-0.14141	0	6.03157
-0.13869	-0.02759	6.03157
-0.13065	-0.05412	6.03157
-0.11758	-0.07856	6.03157
-0.09999	-0.09999	6.03157
-0.07856	-0.11758	6.03157
-0.05412	-0.13065	6.03157
-0.02759	-0.13869	6.03157
0	-0.14141	6.03157
0.02759	-0.13869	6.03157
0.05412	-0.13065	6.03157
0.07856	-0.11758	6.03157
0.09999	-0.09999	6.03157
0.11758	-0.07856	6.03157
0.13065	-0.05412	6.03157
0.13869	-0.02759	6.03157
0.12727	0	6.01481
0.12482	0.02483	6.01481
0.11758	0.0487	6.01481
0.10582	0.07071	6.01481
0.08999	0.08999	6.01481
0.0707	0.10582	6.01481
0.0487	0.11758	6.01481
0.02483	0.12482	6.01481
0	0.12727	6.01481
-0.02483	0.12482	6.01481
-0.0487	0.11758	6.01481
-0.07071	0.10582	6.01481
-0.08999	0.08999	6.01481
-0.10582	0.07071	6.01481
-0.11758	0.0487	6.01481
-0.12482	0.02483	6.01481
-0.12727	0	6.01481
-0.12482	-0.02483	6.01481
-0.11758	-0.0487	6.01481
-0.10582	-0.07071	6.01481
-0.08999	-0.08999	6.01481
-0.07071	-0.10582	6.01481
-0.0487	-0.11758	6.01481
-0.02483	-0.12482	6.01481
0	-0.12727	6.01481
0.02483	-0.12482	6.01481
0.0487	-0.11758	6.01481
0.0707	-0.10582	6.01481
0.08999	-0.08999	6.01481
0.10582	-0.07071	6.01481
0.11758	-0.0487	6.01481
0.12482	-0.02483	6.01481
0.10823	0	5.99961
0.10615	0.02111	5.99961
0.09999	0.04142	5.99961
0.08999	0.06013	5.99961
0.07653	0.07653	5.99961
0.06013	0.08999	5.99961
0.04142	0.09999	5.99961
0.02111	0.10615	5.99961
0	0.10823	5.99961
-0.02112	0.10615	5.99961
-0.04142	0.09999	5.99961
-0.06013	0.08999	5.99961
-0.07653	0.07653	5.99961
-0.08999	0.06013	5.99961
-0.09999	0.04142	5.99961
-0.10615	0.02111	5.99961
-0.10823	0	5.99961
-0.10615	-0.02111	5.99961
-0.09999	-0.04142	5.99961
-0.08999	-0.06013	5.99961
-0.07653	-0.07653	5.99961
-0.06013	-0.08999	5.99961
-0.04142	-0.09999	5.99961
-0.02112	-0.10615	5.99961
0	-0.10823	5.99961
0.02111	-0.10615	5.99961
0.04142	-0.09999	5.99961
0.06013	-0.08999	5.99961
0.07653	-0.07653	5.99961
0.08999	-0.06013	5.99961
0.09999	-0.04142	5.99961
0.10615	-0.02111	5.99961
0.08504	0	5.98685
0.0834	0.01659	5.98685
0.07856	0.03254	5.98685
0.0707	0.04724	5.98685
0.06013	0.06013	5.98685
0.04724	0.07071	5.98685
0.03254	0.07856	5.98685
0.01659	0.0834	5.98685
0	0.08504	5.98685
-0.01659	0.0834	5.98685
-0.03254	0.07856	5.98685
-0.04724	0.07071	5.98685
-0.06013	0.06013	5.98685
-0.07071	0.04724	5.98685
-0.07856	0.03254	5.98685
-0.0834	0.01659	5.98685
-0.08504	0	5.98685
-0.0834	-0.01659	5.98685
-0.07856	-0.03254	5.98685
-0.07071	-0.04724	5.98685
-0.06013	-0.06013	5.98685
-0.04724	-0.07071	5.98685
-0.03254	-0.07856	5.98685
-0.01659	-0.0834	5.98685
0	-0.08504	5.98685
0.01659	-0.0834	5.98685
0.03254	-0.07856	5.98685
0.04724	-0.07071	5.98685
0.06013	-0.06013	5.98685
0.0707	-0.04724	5.98685
0.07856	-0.03254	5.98685
0.0834	-0.01659	5.98685
0.05857	0	5.97741
0.05745	0.01143	5.97741
0.05412	0.02242	5.97741
0.0487	0.03254	5.97741
0.04142	0.04142	5.97741
0.03254	0.0487	5.97741
0.02242	0.05412	5.97741
0.01143	0.05745	5.97741
0	0.05857	5.97741
-0.01143	0.05745	5.97741
-0.02242	0.05412	5.97741
-0.03254	0.0487	5.97741
-0.04142	0.04142	5.97741
-0.0487	0.03254	5.97741
-0.05412	0.02242	5.97741
-0.05745	0.01143	5.97741
-0.05857	0	5.97741
-0.05745	-0.01143	5.97741
-0.05412	-0.02242	5.97741
-0.0487	-0.03254	5.97741
-0.04142	-0.04142	5.97741
-0.03254	-0.0487	5.97741
-0.02242	-0.05412	5.97741
-0.01143	-0.05745	5.97741
0	-0.05857	5.97741
0.01143	-0.05745	5.97741
0.02242	-0.05412	5.97741
0.03254	-0.0487	5.97741
0.04142	-0.04142	5.97741
0.0487	-0.03254	5.97741
0.05412	-0.02242	5.97741
0.05745	-0.01143	5.97741
0.02986	0	5.97201
0.02929	0.00583	5.97201
0.02759	0.01143	5.97201
0.02483	0.01659	5.97201
0.02111	0.02111	5.97201
0.01659	0.02483	5.97201
0.01143	0.02759	5.97201
0.00583	0.02929	5.97201
0	0.02986	5.97201
-0.00583	0.02929	5.97201
-0.01143	0.02759	5.97201
-0.01659	0.02483	5.97201
-0.02112	0.02111	5.97201
-0.02483	0.01659	5.97201
-0.02759	0.01143	5.97201
-0.02929	0.00583	5.97201
-0.02986	0	5.97201
-0.02929	-0.00583	5.97201
-0.02759	-0.01143	5.97201
-0.02483	-0.01659	5.97201
-0.02112	-0.02111	5.97201
-0.01659	-0.02483	5.97201
-0.01143	-0.02759	5.97201
-0.00583	-0.02929	5.97201
0	-0.02986	5.97201
0.00583	-0.02929	5.97201
0.01143	-0.02759	5.97201
0.01659	-0.02483	5.97201
0.02111	-0.02111	5.97201
0.02483	-0.01659	5.97201
0.02759	-0.01143	5.97201
0.02929	-0.00583	5.97201
0	0	5.97123
0.7494	-0.30714	4.94333
0.67495	-0.38218	5.10991
0.75161	-0.3041	4.93657
0.63218	-0.41871	5.19099
0.57018	-0.45536	5.27234
0.65987	-0.39738	5.14364
0.56188	-0.46027	5.28324
0.50035	-0.49608	5.36274
0.38818	-0.53836	5.45658
0.50648	-0.49302	5.35593
0.36817	-0.54589	5.47331
0.27018	-0.57167	5.53052
0.00171	-0.60135	5.59641
-0.02982	-0.59992	5.59324
0.12076	-0.59596	5.58444
0.24257	-0.57893	5.54664
0.2215	-0.58221	5.55391
-0.11734	-0.59596	5.58444
-0.21808	-0.5822	5.55391
-0.23915	-0.57893	5.54664
-0.32982	-0.55508	5.49371
-0.62929	-0.41831	5.19009
-0.55846	-0.46027	5.28324
-0.49694	-0.49608	5.36274
-0.50307	-0.49302	5.35593
-0.38476	-0.53836	5.45658
-0.36476	-0.54589	5.47331
-0.74598	-0.30714	4.94334
-0.74819	-0.3041	4.93657
-0.67153	-0.38218	5.10991
-0.65645	-0.39738	5.14364
0.57018	-0.38434	5.40397
0.57622	-0.38132	5.39727
0.6054	-0.36269	5.35593
0.61936	-0.35193	5.33205
0.70264	-0.28778	5.18963
0.71666	-0.27385	5.15871
0.7235	-0.26706	5.14364
0.7752	-0.19576	4.98537
0.27018	-0.4987	5.65784
0.32779	-0.48546	5.62845
0.43062	-0.45188	5.55391
0.44916	-0.44489	5.5384
0.47889	-0.43002	5.50538
0.10688	-0.52618	5.71883
0.21463	-0.51147	5.68618
-0.02982	-0.52951	5.72623
0.00171	-0.53094	5.7294
0.22925	-0.50811	5.67872
-0.22583	-0.50811	5.67872
-0.21121	-0.51147	5.68618
-0.10346	-0.52618	5.71883
-0.32982	-0.48369	5.62451
-0.32438	-0.48546	5.62845
-0.47547	-0.43002	5.50538
-0.44575	-0.44489	5.5384
-0.4272	-0.45188	5.55391
-0.60198	-0.36269	5.35593
-0.5728	-0.38132	5.39727
-0.61595	-0.35193	5.33205
-0.62982	-0.34125	5.30833
-0.71325	-0.27385	5.15871
-0.69922	-0.28778	5.18963
-0.77178	-0.19576	4.98537
-0.72008	-0.26706	5.14364
0.77284	-0.20659	4.98049
0.77048	-0.21743	4.97561
0.76812	-0.22826	4.97073
0.76576	-0.23909	4.96585
0.7634	-0.24993	4.96097
0.76104	-0.26076	4.95609
0.75869	-0.27159	4.95121
0.75633	-0.28243	4.94633
0.75397	-0.29326	4.94145
-0.76942	-0.20659	4.98049
-0.76706	-0.21743	4.97561
-0.7647	-0.22826	4.97073
-0.76235	-0.23909	4.96585
-0.75999	-0.24993	4.96097
-0.75763	-0.26076	4.95609
-0.75527	-0.27159	4.95121
-0.75291	-0.28243	4.94633
-0.75055	-0.29326	4.94145
0.57018	-0.3041	4.93657
0.57018	-0.38218	5.10991
0.57018	-0.35193	5.33205
0.57018	-0.27385	5.15871
0.57018	-0.19576	4.98537
0.57018	-0.20659	4.98049
0.57018	-0.21743	4.97561
0.57018	-0.22826	4.97073
0.57018	-0.23909	4.96585
0.57018	-0.24993	4.96097
0.57018	-0.26076	4.95609
0.57018	-0.27159	4.95121
0.57018	-0.28243	4.94633
0.57018	-0.29326	4.94145
0.27018	-0.3041	4.93657
0.27018	-0.38218	5.10991
0.27018	-0.46027	5.28324
0.27018	-0.53836	5.45658
0.27018	-0.43002	5.50538
0.27018	-0.35193	5.33205
0.27018	-0.27385	5.15871
0.27018	-0.19576	4.98537
0.27018	-0.20659	4.98049
0.27018	-0.21743	4.97561
0.27018	-0.22826	4.97073
0.27018	-0.23909	4.96585
0.27018	-0.24993	4.96097
0.27018	-0.26076	4.95609
0.27018	-0.27159	4.95121
0.27018	-0.28243	4.94633
0.27018	-0.29326	4.94145
-0.02982	-0.3041	4.93657
-0.02982	-0.38218	5.10991
-0.02982	-0.46027	5.28324
-0.02982	-0.53836	5.45658
-0.02982	-0.50811	5.67872
-0.02982	-0.43002	5.50538
-0.02982	-0.35193	5.33205
-0.02982	-0.27385	5.15871
-0.02982	-0.19576	4.98537
-0.02982	-0.20659	4.98049
-0.02982	-0.21743	4.97561
-0.02982	-0.22826	4.97073
-0.02982	-0.23909	4.96585
-0.02982	-0.24993	4.96097
-0.02982	-0.26076	4.95609
-0.02982	-0.27159	4.95121
-0.02982	-0.28243	4.94633
-0.02982	-0.29326	4.94145
-0.32982	-0.3041	4.93657
-0.32982	-0.38218	5.10991
-0.32982	-0.46027	5.28324
-0.32982	-0.53836	5.45658
-0.32982	-0.43002	5.50538
-0.32982	-0.35193	5.33205
-0.32982	-0.27385	5.15871
-0.32982	-0.19576	4.98537
-0.32982	-0.20659	4.98049
-0.32982	-0.21743	4.97561
-0.32982	-0.22826	4.97073
-0.32982	-0.23909	4.96585
-0.32982	-0.24993	4.96097
-0.32982	-0.26076	4.95609
-0.32982	-0.27159	4.95121
-0.32982	-0.28243	4.94633
-0.32982	-0.29326	4.94145
-0.62982	-0.3041	4.93657
-0.62982	-0.38218	5.10991
-0.62982	-0.27385	5.15871
-0.62982	-0.19576	4.98537
-0.62982	-0.20659	4.98049
-0.62982	-0.21743	4.97561
-0.62982	-0.22826	4.97073
-0.62982	-0.23909	4.96585
-0.62982	-0.24993	4.96097
-0.62982	-0.26076	4.95609
-0.62982	-0.27159	4.95121
-0.62982	-0.28243	4.94633
-0.62982	-0.29326	4.94145
3	31	30	29
3	29	28	27
3	27	26	25
3	29	27	25
3	25	24	23
3	23	22	21
3	25	23	21
3	21	20	19
3	19	18	17
3	21	19	17
3	25	21	17
3	17	16	15
3	15	14	13
3	17	15	13
3	13	12	11
3	11	10	9
3	13	11	9
3	17	13	9
3	9	8	7
3	7	6	5
3	9	7	5
3	5	4	3
3	3	2	1
3	5	3	1
3	9	5	1
3	17	9	1
3	25	17	1
3	29	25	1
3	31	29	1
3	32	31	1
3	1	2	34
3	34	33	1
3	2	3	35
3	35	34	2
3	3	4	36
3	36	35	3
3	4	5	37
3	37	36	4
3	5	6	38
3	38	37	5
3	6	7	39
3	39	38	6
3	7	8	40
3	40	39	7
3	8	9	41
3	41	40	8
3	9	10	42
3	42	41	9
3	10	11	43
3	43	42	10
3	11	12	44
3	44	43	11
3	12	13	45
3	45	44	12
3	13	14	46
3	46	45	13
3	14	15	47
3	47	46	14
3	15	16	48
3	48	47	15
3	16	17	49
3	49	48	16
3	17	18	50
3	50	49	17
3	18	19	51
3	51	50	18
3	19	20	52
3	52	51	19
3	20	21	53
3	53	52	20
3	21	22	54
3	54	53	21
3	22	23	55
3	55	54	22
3	23	24	56
3	56	55	23
3	24	25	57
3	57	56	24
3	25	26	58
3	58	57	25
3	26	27	59
3	59	58	26
3	27	28	60
3	60	59	27
3	28	29	61
3	61	60	28
3	29	30	62
3	62	61	29
3	30	31	63
3	63	62	30
3	31	32	64
3	64	63	31
3	32	1	33
3	33	64	32
3	33	34	66
3	66	65	33
3	34	35	67
3	67	66	34
3	35	36	68
3	68	67	35
3	36	37	69
3	69	68	36
3	37	38	70
3	70	69	37
3	38	39	71
3	71	70	38
3	39	40	72
3	72	71	39
3	40	41	73
3	73	72	40
3	41	42	74
3	74	73	41
3	42	43	75
3	75	74	42
3	43	44	76
3	76	75	43
3	44	45	77
3	77	76	44
3	45	46	78
3	78	77	45
3	46	47	79
3	79	78	46
3	47	48	80
3	80	79	47
3	48	49	81
3	81	80	48
3	49	50	82
3	82	81	49
3	50	51	83
3	83	82	50
3	51	52	84
3	84	83	51
3	52	53	85
3	85	84	52
3	53	54	86
3	86	85	53
3	54	55	87
3	87	86	54
3	55	56	88
3	88	87	55
3	56	57	89
3	89	88	56
3	57	58	90
3	90	89	57
3	58	59	91
3	91	90	58
3	59	60	92
3	92	91	59
3	60	61	93
3	93	92	60
3	61	62	94
3	94	93	61
3	62	63	95
3	95	94	62
3	63	64	96
3	96	95	63
3	64	33	65
3	65	96	64
3	65	66	98
3	98	97	65
3	66	67	99
3	99	98	66
3	67	68	100
3	100	99	67
3	68	69	101
3	101	100	68
3	69	70	102
3	102	101	69
3	70	71	103
3	103	102	70
3	71	72	104
3	104	103	71
3	72	73	105
3	105	104	72
3	73	74	106
3	106	105	73
3	74	75	107
3	107	106	74
3	75	76	108
3	108	107	75
3	76	77	109
3	109	108	76
3	77	78	110
3	110	109	77
3	78	79	111
3	111	110	78
3	79	80	112
3	112	111	79
3	80	81	113
3	113	112	80
3	81	82	114
3	114	113	81
3	82	83	115
3	115	114	82
3	83	84	116
3	116	115	83
3	84	85	117
3	117	116	84
3	85	86	118
3	118	117	85
3	86	87	119
3	119	118	86
3	87	88	120
3	120	119	87
3	88	89	121
3	121	120	88
3	89	90	122
3	122	121	89
3	90	91	123
3	123	122	90
3	91	92	124
3	124	123	91
3	92	93	125
3	125	124	92
3	93	94	126
3	126	125	93
3	94	95	127
3	127	126	94
3	95	96	128
3	128	127	95
3	96	65	97
3	97	128	96
3	97	98	130
3	130	129	97
3	98	99	131
3	131	130	98
3	99	100	132
3	132	131	99
3	100	101	133
3	133	132	100
3	101	102	134
3	134	133	101
3	102	103	135
3	135	134	102
3	103	104	136
3	136	135	103
3	104	105	137
3	137	136	104
3	105	106	138
3	138	137	105
3	106	107	139
3	139	138	106
3	107	108	140
3	140	139	107
3	108	109	141
3	141	140	108
3	109	110	142
3	142	141	109
3	110	111	143
3	143	142	110
3	111	112	144
3	144	143	111
3	112	113	145
3	145	144	112
3	113	114	146
3	146	145	113
3	114	115	147
3	147	146	114
3	115	116	148
3	148	147	115
3	116	117	149
3	149	148	116
3	117	118	150
3	150	149	117
3	118	119	151
3	151	150	118
3	119	120	152
3	152	151	119
3	120	121	153
3	153	152	120
3	121	122	154
3	154	153	121
3	122	123	155
3	155	154	122
3	123	124	156
3	156	155	123
3	124	125	157
3	157	156	124
3	125	126	158
3	158	157	125
3	126	127	159
3	159	158	126
3	127	128	160
3	160	159	127
3	128	97	129
3	129	160	128
3	129	130	162
3	162	161	129
3	130	131	163
3	163	162	130
3	131	132	164
3	164	163	131
3	132	133	165
3	165	164	132
3	133	134	166
3	166	165	133
3	134	135	167
3	167	166	134
3	135	136	168
3	168	167	135
3	136	137	169
3	169	168	136
3	137	138	170
3	170	169	137
3	138	139	171
3	171	170	138
3	139	140	172
3	172	171	139
3	140	141	173
3	173	172	140
3	141	142	174
3	174	173	141
3	142	143	175
3	175	174	142
3	143	144	176
3	176	175	143
3	144	145	177
3	177	176	144
3	145	146	178
3	178	177	145
3	146	147	179
3	179	178	146
3	147	148	180
3	180	179	147
3	148	149	181
3	181	180	148
3	149	150	182
3	182	181	149
3	150	151	183
3	183	182	150
3	151	152	184
3	184	183	151
3	152	153	185
3	185	184	152
3	153	154	186
3	186	185	153
3	154	155	187
3	187	186	154
3	155	156	188
3	188	187	155
3	156	157	189
3	189	188	156
3	157	158	190
3	190	189	157
3	158	159	191
3	191	190	158
3	159	160	192
3	192	191	159
3	160	129	161
3	161	192	160
3	161	162	163
3	163	164	165
3	165	166	167
3	163	165	167
3	167	168	169
3	169	170	171
3	167	169	171
3	171	172	173
3	173	174	175
3	171	173	175
3	167	171	175
3	175	176	177
3	177	178	179
3	175	177	179
3	179	180	181
3	181	182	183
3	179	181	183
3	175	179	183
3	183	184	185
3	185	186	187
3	183	185	187
3	187	188	189
3	189	190	191
3	187	189	191
3	183	187	191
3	175	183	191
3	167	175	191
3	163	167	191
3	161	163	191
3	192	161	191
3	193	194	195
3	193	195	196
3	193	196	197
3	193	197	198
3	193	198	199
3	193	199	200
3	193	200	201
3	193	201	202
3	193	202	203
3	193	203	204
3	193	204	205
3	193	205	206
3	193	206	207
3	193	207	208
3	193	208	209
3	193	209	210
3	193	210	211
3	193	211	212
3	193	212	213
3	193	213	214
3	193	214	215
3	193	215	216
3	193	216	217
3	193	217	218
3	193	218	219
3	193	219	220
3	193	220	221
3	193	221	222
3	193	222	223
3	193	223	224
3	193	224	225
3	193	225	194
3	227	195	194
3	194	226	227
3	228	196	195
3	195	227	228
3	229	197	196
3	196	228	229
3	230	198	197
3	197	229	230
3	231	199	198
3	198	230	231
3	232	200	199
3	199	231	232
3	233	201	200
3	200	232	233
3	234	202	201
3	201	233	234
3	235	203	202
3	202	234	235
3	236	204	203
3	203	235	236
3	237	205	204
3	204	236	237
3	238	206	205
3	205	237	238
3	239	207	206
3	206	238	239
3	240	208	207
3	207	239	240
3	241	209	208
3	208	240	241
3	242	210	209
3	209	241	242
3	243	211	210
3	210	242	243
3	244	212	211
3	211	243	244
3	245	213	212
3	212	244	245
3	246	214	213
3	213	245	246
3	247	215	214
3	214	246	247
3	248	216	215
3	215	247	248
3	249	217	216
3	216	248	249
3	250	218	217
3	217	249	250
3	251	219	218
3	218	250	251
3	252	220	219
3	219	251	252
3	253	221	220
3	220	252	253
3	254	222	221
3	221	253	254
3	255	223	222
3	222	254	255
3	256	224	223
3	223	255	256
3	257	225	224
3	224	256	257
3	226	194	225
3	225	257	226
3	259	227	226
3	226	258	259
3	260	228	227
3	227	259	260
3	261	229	228
3	228	260	261
3	262	230	229
3	229	261	262
3	263	231	230
3	230	262	263
3	264	232	231
3	231	263	264
3	265	233	232
3	232	264	265
3	266	234	233
3	233	265	266
3	267	235	234
3	234	266	267
3	268	236	235
3	235	267	268
3	269	237	236
3	236	268	269
3	270	238	237
3	237	269	270
3	271	239	238
3	238	270	271
3	272	240	239
3	239	271	272
3	273	241	240
3	240	272	273
3	274	242	241
3	241	273	274
3	275	243	242
3	242	274	275
3	276	244	243
3	243	275	276
3	277	245	244
3	244	276	277
3	278	246	245
3	245	277	278
3	279	247	246
3	246	278	279
3	280	248	247
3	247	279	280
3	281	249	248
3	248	280	281
3	282	250	249
3	249	281	282
3	283	251	250
3	250	282	283
3	284	252	251
3	251	283	284
3	285	253	252
3	252	284	285
3	286	254	253
3	253	285	286
3	287	255	254
3	254	286	287
3	288	256	255
3	255	287	288
3	289	257	256
3	256	288	289
3	258	226	257
3	257	289	258
3	291	259	258
3	258	290	291
3	292	260	259
3	259	291	292
3	293	261	260
3	260	292	293
3	294	262	261
3	261	293	294
3	295	263	262
3	262	294	295
3	296	264	263
3	263	295	296
3	297	265	264
3	264	296	297
3	298	266	265
3	265	297	298
3	299	267	266
3	266	298	299
3	300	268	267
3	267	299	300
3	301	269	268
3	268	300	301
3	302	270	269
3	269	301	302
3	303	271	270
3	270	302	303
3	304	272	271
3	271	303	304
3	305	273	272
3	272	304	305
3	306	274	273
3	273	305	306
3	307	275	274
3	274	306	307
3	308	276	275
3	275	307	308
3	309	277	276
3	276	308	309
3	310	278	277
3	277	309	310
3	311	279	278
3	278	310	311
3	312	280	279
3	279	311	312
3	313	281	280
3	280	312	313
3	314	282	281
3	281	313	314
3	315	283	282
3	282	314	315
3	316	284	283
3	283	315	316
3	317	285	284
3	284	316	317
3	318	286	285
3	285	317	318
3	319	287	286
3	286	318	319
3	320	288	287
3	287	319	320
3	321	289	288
3	288	320	321
3	290	258	289
3	289	321	290
3	323	291	290
3	290	322	323
3	324	292	291
3	291	323	324
3	325	293	292
3	292	324	325
3	326	294	293
3	293	325	326
3	327	295	294
3	294	326	327
3	328	296	295
3	295	327	328
3	329	297	296
3	296	328	329
3	330	298	297
3	297	329	330
3	331	299	298
3	298	330	331
3	332	300	299
3	299	331	332
3	333	301	300
3	300	332	333
3	334	302	301
3	301	333	334
3	335	303	302
3	302	334	335
3	336	304	303
3	303	335	336
3	337	305	304
3	304	336	337
3	338	306	305
3	305	337	338
3	339	307	306
3	306	338	339
3	340	308	307
3	307	339	340
3	341	309	308
3	308	340	341
3	342	310	309
3	309	341	342
3	342	1205	1201
3	1201	1202	311
3	342	1201	311
3	310	342	311
3	311	1202	1198
3	1198	1199	312
3	311	1198	312
3	1167	343	1166
3	1162	1166	343
3	1162	343	344
3	1162	344	1161
3	1161	344	345
3	345	1163	1161
3	1193	1194	316
3	316	315	1193
3	1189	1190	346
3	317	1189	346
3	317	346	318
3	347	319	318
3	318	346	347
3	348	320	319
3	319	347	348
3	349	321	320
3	320	348	349
3	322	290	321
3	321	349	322
3	351	323	322
3	322	350	351
3	352	324	323
3	323	351	352
3	353	325	324
3	324	352	353
3	354	326	325
3	325	353	354
3	355	327	326
3	326	354	355
3	356	328	327
3	327	355	356
3	357	329	328
3	328	356	357
3	358	330	329
3	329	357	358
3	359	331	330
3	330	358	359
3	360	332	331
3	331	359	360
3	361	333	332
3	332	360	361
3	362	334	333
3	333	361	362
3	363	335	334
3	334	362	363
3	364	336	335
3	335	363	364
3	365	337	336
3	336	364	365
3	366	338	337
3	337	365	366
3	367	339	338
3	338	366	367
3	368	340	339
3	339	367	368
3	368	1206	1207
3	368	1207	341
3	340	368	341
3	1173	369	1172
3	1172	369	370
3	370	1175	1174
3	1172	370	1174
3	1169	1175	370
3	1169	370	371
3	1169	371	1168
3	372	343	1167
3	371	372	1167
3	371	1167	1168
3	373	344	343
3	343	372	373
3	374	345	344
3	344	373	374
3	375	1164	1165
3	374	375	1165
3	345	374	1165
3	1160	1164	375
3	375	376	1159
3	1160	375	1159
3	1157	1159	376
3	376	377	1156
3	1157	376	1156
3	1181	1182	378
3	347	1181	378
3	347	378	348
3	379	349	348
3	348	378	379
3	350	322	349
3	349	379	350
3	381	351	350
3	350	380	381
3	382	352	351
3	351	381	382
3	383	353	352
3	352	382	383
3	384	354	353
3	353	383	384
3	385	355	354
3	354	384	385
3	386	356	355
3	355	385	386
3	387	357	356
3	356	386	387
3	388	358	357
3	357	387	388
3	389	359	358
3	358	388	389
3	390	360	359
3	359	389	390
3	391	361	360
3	360	390	391
3	392	362	361
3	361	391	392
3	393	363	362
3	362	392	393
3	394	364	363
3	363	393	394
3	395	365	364
3	364	394	395
3	396	366	365
3	365	395	396
3	397	367	366
3	366	396	397
3	397	1213	1210
3	397	1210	1211
3	397	1211	368
3	367	397	368
3	1170	1179	398
3	1170	398	399
3	369	1173	1171
3	399	369	1171
3	1170	399	1171
3	400	370	369
3	369	399	400
3	401	371	370
3	370	400	401
3	402	372	371
3	371	401	402
3	403	373	372
3	372	402	403
3	404	374	373
3	373	403	404
3	405	375	374
3	374	404	405
3	406	376	375
3	375	405	406
3	407	377	376
3	376	406	407
3	408	1152	1153
3	407	408	1153
3	377	407	1153
3	377	1153	1155
3	377	1155	1158
3	1183	1184	378
3	378	1182	1183
3	1185	1186	409
3	1184	1185	409
3	1184	409	379
3	378	1184	379
3	380	350	379
3	379	409	380
3	411	381	380
3	380	410	411
3	412	382	381
3	381	411	412
3	413	383	382
3	382	412	413
3	414	384	383
3	383	413	414
3	415	385	384
3	384	414	415
3	416	386	385
3	385	415	416
3	417	387	386
3	386	416	417
3	418	388	387
3	387	417	418
3	419	389	388
3	388	418	419
3	420	390	389
3	389	419	420
3	421	391	390
3	390	420	421
3	422	392	391
3	391	421	422
3	423	393	392
3	392	422	423
3	424	394	393
3	393	423	424
3	425	395	394
3	394	424	425
3	426	396	395
3	395	425	426
3	427	397	396
3	396	426	427
3	1212	1213	397
3	1212	397	427
3	1223	1212	427
3	1224	1223	427
3	1225	1224	427
3	1226	1225	427
3	1227	1226	427
3	1228	1227	427
3	1229	1228	427
3	1230	1229	427
3	1231	1230	427
3	1177	1231	427
3	1177	427	428
3	1177	428	1176
3	1176	428	429
3	398	1179	1178
3	429	398	1178
3	1176	429	1178
3	430	399	398
3	398	429	430
3	431	400	399
3	399	430	431
3	432	401	400
3	400	431	432
3	433	402	401
3	401	432	433
3	434	403	402
3	402	433	434
3	435	404	403
3	403	434	435
3	436	405	404
3	404	435	436
3	437	406	405
3	405	436	437
3	438	407	406
3	406	437	438
3	439	408	407
3	407	438	439
3	439	440	1149
3	439	1149	1150
3	408	439	1150
3	408	1150	1154
3	1151	1149	440
3	1151	440	441
3	1222	1151	441
3	1221	1222	441
3	1220	1221	441
3	1219	1220	441
3	1218	1219	441
3	1217	1218	441
3	1216	1217	441
3	1215	1216	441
3	1214	1215	441
3	1187	1214	441
3	1187	441	409
3	1187	409	1186
3	410	380	409
3	409	441	410
3	443	411	410
3	410	442	443
3	444	412	411
3	411	443	444
3	445	413	412
3	412	444	445
3	446	414	413
3	413	445	446
3	447	415	414
3	414	446	447
3	448	416	415
3	415	447	448
3	449	417	416
3	416	448	449
3	450	418	417
3	417	449	450
3	451	419	418
3	418	450	451
3	452	420	419
3	419	451	452
3	453	421	420
3	420	452	453
3	454	422	421
3	421	453	454
3	455	423	422
3	422	454	455
3	456	424	423
3	423	455	456
3	457	425	424
3	424	456	457
3	458	426	425
3	425	457	458
3	459	427	426
3	426	458	459
3	460	428	427
3	427	459	460
3	461	429	428
3	428	460	461
3	462	430	429
3	429	461	462
3	463	431	430
3	430	462	463
3	464	432	431
3	431	463	464
3	465	433	432
3	432	464	465
3	466	434	433
3	433	465	466
3	467	435	434
3	434	466	467
3	468	436	435
3	435	467	468
3	469	437	436
3	436	468	469
3	470	438	437
3	437	469	470
3	471	439	438
3	438	470	471
3	472	440	439
3	439	471	472
3	473	441	440
3	440	472	473
3	442	410	441
3	441	473	442
3	475	443	442
3	442	474	475
3	476	444	443
3	443	475	476
3	477	445	444
3	444	476	477
3	478	446	445
3	445	477	478
3	479	447	446
3	446	478	479
3	480	448	447
3	447	479	480
3	481	449	448
3	448	480	481
3	482	450	449
3	449	481	482
3	483	451	450
3	450	482	483
3	484	452	451
3	451	483	484
3	485	453	452
3	452	484	485
3	486	454	453
3	453	485	486
3	487	455	454
3	454	486	487
3	488	456	455
3	455	487	488
3	489	457	456
3	456	488	489
3	490	458	457
3	457	489	490
3	491	459	458
3	458	490	491
3	492	460	459
3	459	491	492
3	493	461	460
3	460	492	493
3	494	462	461
3	461	493	494
3	495	463	462
3	462	494	495
3	496	464	463
3	463	495	496
3	497	465	464
3	464	496	497
3	498	466	465
3	465	497	498
3	499	467	466
3	466	498	499
3	500	468	467
3	467	499	500
3	501	469	468
3	468	500	501
3	502	470	469
3	469	501	502
3	503	471	470
3	470	502	503
3	504	472	471
3	471	503	504
3	505	473	472
3	472	504	505
3	474	442	473
3	473	505	474
3	507	475	474
3	474	506	507
3	508	476	475
3	475	507	508
3	509	477	476
3	476	508	509
3	510	478	477
3	477	509	510
3	511	479	478
3	478	510	511
3	512	480	479
3	479	511	512
3	513	481	480
3	480	512	513
3	514	482	481
3	481	513	514
3	515	483	482
3	482	514	515
3	516	484	483
3	483	515	516
3	517	485	484
3	484	516	517
3	518	486	485
3	485	517	518
3	519	487	486
3	486	518	519
3	520	488	487
3	487	519	520
3	521	489	488
3	488	520	521
3	522	490	489
3	489	521	522
3	523	491	490
3	490	522	523
3	524	492	491
3	491	523	524
3	525	493	492
3	492	524	525
3	526	494	493
3	493	525	526
3	527	495	494
3	494	526	527
3	528	496	495
3	495	527	528
3	529	497	496
3	496	528	529
3	530	498	497
3	497	529	530
3	531	499	498
3	498	530	531
3	532	500	499
3	499	531	532
3	533	501	500
3	500	532	533
3	534	502	501
3	501	533	534
3	535	503	502
3	502	534	535
3	536	504	503
3	503	535	536
3	537	505	504
3	504	536	537
3	506	474	505
3	505	537	506
3	539	507	506
3	506	538	539
3	540	508	507
3	507	539	540
3	541	509	508
3	508	540	541
3	542	510	509
3	509	541	542
3	543	511	510
3	510	542	543
3	544	512	511
3	511	543	544
3	545	513	512
3	512	544	545
3	546	514	513
3	513	545	546
3	547	515	514
3	514	546	547
3	548	516	515
3	515	547	548
3	549	517	516
3	516	548	549
3	550	518	517
3	517	549	550
3	551	519	518
3	518	550	551
3	552	520	519
3	519	551	552
3	553	521	520
3	520	552	553
3	554	522	521
3	521	553	554
3	555	523	522
3	522	554	555
3	556	524	523
3	523	555	556
3	557	525	524
3	524	556	557
3	558	526	525
3	525	557	558
3	559	527	526
3	526	558	559
3	560	528	527
3	527	559	560
3	561	529	528
3	528	560	561
3	562	530	529
3	529	561	562
3	563	531	530
3	530	562	563
3	564	532	531
3	531	563	564
3	565	533	532
3	532	564	565
3	566	534	533
3	533	565	566
3	567	535	534
3	534	566	567
3	568	536	535
3	535	567	568
3	569	537	536
3	536	568	569
3	538	506	537
3	537	569	538
3	571	539	538
3	538	570	571
3	572	540	539
3	539	571	572
3	573	541	540
3	540	572	573
3	574	542	541
3	541	573	574
3	575	543	542
3	542	574	575
3	576	544	543
3	543	575	576
3	577	545	544
3	544	576	577
3	578	546	545
3	545	577	578
3	579	547	546
3	546	578	579
3	580	548	547
3	547	579	580
3	581	549	548
3	548	580	581
3	582	550	549
3	549	581	582
3	583	551	550
3	550	582	583
3	584	552	551
3	551	583	584
3	585	553	552
3	552	584	585
3	586	554	553
3	553	585	586
3	587	555	554
3	554	586	587
3	588	556	555
3	555	587	588
3	589	557	556
3	556	588	589
3	590	558	557
3	557	589	590
3	591	559	558
3	558	590	591
3	592	560	559
3	559	591	592
3	593	561	560
3	560	592	593
3	594	562	561
3	561	593	594
3	595	563	562
3	562	594	595
3	596	564	563
3	563	595	596
3	597	565	564
3	564	596	597
3	598	566	565
3	565	597	598
3	599	567	566
3	566	598	599
3	600	568	567
3	567	599	600
3	601	569	568
3	568	600	601
3	570	538	569
3	569	601	570
3	603	571	570
3	570	602	603
3	604	572	571
3	571	603	604
3	605	573	572
3	572	604	605
3	606	574	573
3	573	605	606
3	607	575	574
3	574	606	607
3	608	576	575
3	575	607	608
3	609	577	576
3	576	608	609
3	610	578	577
3	577	609	610
3	611	579	578
3	578	610	611
3	612	580	579
3	579	611	612
3	613	581	580
3	580	612	613
3	614	582	581
3	581	613	614
3	615	583	582
3	582	614	615
3	616	584	583
3	583	615	616
3	617	585	584
3	584	616	617
3	618	586	585
3	585	617	618
3	619	587	586
3	586	618	619
3	620	588	587
3	587	619	620
3	621	589	588
3	588	620	621
3	622	590	589
3	589	621	622
3	623	591	590
3	590	622	623
3	624	592	591
3	591	623	624
3	625	593	592
3	592	624	625
3	626	594	593
3	593	625	626
3	627	595	594
3	594	626	627
3	628	596	595
3	595	627	628
3	629	597	596
3	596	628	629
3	630	598	597
3	597	629	630
3	631	599	598
3	598	630	631
3	632	600	599
3	599	631	632
3	633	601	600
3	600	632	633
3	602	570	601
3	601	633	602
3	635	603	602
3	602	634	635
3	636	604	603
3	603	635	636
3	637	605	604
3	604	636	637
3	638	606	605
3	605	637	638
3	639	607	606
3	606	638	639
3	640	608	607
3	607	639	640
3	641	609	608
3	608	640	641
3	642	610	609
3	609	641	642
3	643	611	610
3	610	642	643
3	644	612	611
3	611	643	644
3	645	613	612
3	612	644	645
3	646	614	613
3	613	645	646
3	647	615	614
3	614	646	647
3	648	616	615
3	615	647	648
3	649	617	616
3	616	648	649
3	650	618	617
3	617	649	650
3	651	619	618
3	618	650	651
3	652	620	619
3	619	651	652
3	653	621	620
3	620	652	653
3	654	622	621
3	621	653	654
3	655	623	622
3	622	654	655
3	656	624	623
3	623	655	656
3	657	625	624
3	624	656	657
3	658	626	625
3	625	657	658
3	659	627	626
3	626	658	659
3	660	628	627
3	627	659	660
3	661	629	628
3	628	660	661
3	662	630	629
3	629	661	662
3	663	631	630
3	630	662	663
3	664	632	631
3	631	663	664
3	665	633	632
3	632	664	665
3	634	602	633
3	633	665	634
3	666	635	634
3	666	636	635
3	666	637	636
3	666	638	637
3	666	639	638
3	666	640	639
3	666	641	640
3	666	642	641
3	666	643	642
3	666	644	643
3	666	645	644
3	666	646	645
3	666	647	646
3	666	648	647
3	666	649	648
3	666	650	649
3	666	651	650
3	666	652	651
3	666	653	652
3	666	654	653
3	666	655	654
3	666	656	655
3	666	657	656
3	666	658	657
3	666	659	658
3	666	660	659
3	666	661	660
3	666	662	661
3	666	663	662
3	666	664	663
3	666	665	664
3	666	634	665
3	667	668	669
3	667	669	670
3	667	670	671
3	667	671	672
3	667	672	673
3	667	673	674
3	667	674	675
3	667	675	676
3	667	676	677
3	667	677	678
3	667	678	679
3	667	679	680
3	667	680	681
3	667	681	682
3	667	682	683
3	667	683	684
3	667	684	685
3	667	685	686
3	667	686	687
3	667	687	688
3	667	688	689
3	667	689	690
3	667	690	691
3	667	691	692
3	667	692	693
3	667	693	694
3	667	694	695
3	667	695	696
3	667	696	697
3	667	697	698
3	667	698	699
3	667	699	668
3	701	669	668
3	668	700	701
3	702	670	669
3	669	701	702
3	703	671	670
3	670	702	703
3	704	672	671
3	671	703	704
3	705	673	672
3	672	704	705
3	706	674	673
3	673	705	706
3	707	675	674
3	674	706	707
3	708	676	675
3	675	707	708
3	709	677	676
3	676	708	709
3	710	678	677
3	677	709	710
3	711	679	678
3	678	710	711
3	712	680	679
3	679	711	712
3	713	681	680
3	680	712	713
3	714	682	681
3	681	713	714
3	715	683	682
3	682	714	715
3	716	684	683
3	683	715	716
3	717	685	684
3	684	716	717
3	718	686	685
3	685	717	718
3	719	687	686
3	686	718	719
3	720	688	687
3	687	719	720
3	721	689	688
3	688	720	721
3	722	690	689
3	689	721	722
3	723	691	690
3	690	722	723
3	724	692	691
3	691	723	724
3	725	693	692
3	692	724	725
3	726	694	693
3	693	725	726
3	727	695	694
3	694	726	727
3	728	696	695
3	695	727	728
3	729	697	696
3	696	728	729
3	730	698	697
3	697	729	730
3	731	699	698
3	698	730	731
3	700	668	699
3	699	731	700
3	733	701	700
3	700	732	733
3	734	702	701
3	701	733	734
3	735	703	702
3	702	734	735
3	736	704	703
3	703	735	736
3	737	705	704
3	704	736	737
3	738	706	705
3	705	737	738
3	739	707	706
3	706	738	739
3	740	708	707
3	707	739	740
3	741	709	708
3	708	740	741
3	742	710	709
3	709	741	742
3	743	711	710
3	710	742	743
3	744	712	711
3	711	743	744
3	745	713	712
3	712	744	745
3	746	714	713
3	713	745	746
3	747	715	714
3	714	746	747
3	748	716	715
3	715	747	748
3	749	717	716
3	716	748	749
3	750	718	717
3	717	749	750
3	751	719	718
3	718	750	751
3	752	720	719
3	719	751	752
3	753	721	720
3	720	752	753
3	754	722	721
3	721	753	754
3	755	723	722
3	722	754	755
3	756	724	723
3	723	755	756
3	757	725	724
3	724	756	757
3	758	726	725
3	725	757	758
3	759	727	726
3	726	758	759
3	760	728	727
3	727	759	760
3	761	729	728
3	728	760	761
3	762	730	729
3	729	761	762
3	763	731	730
3	730	762	763
3	732	700	731
3	731	763	732
3	765	733	732
3	732	764	765
3	766	734	733
3	733	765	766
3	767	735	734
3	734	766	767
3	768	736	735
3	735	767	768
3	769	737	736
3	736	768	769
3	770	738	737
3	737	769	770
3	771	739	738
3	738	770	771
3	772	740	739
3	739	771	772
3	773	741	740
3	740	772	773
3	774	742	741
3	741	773	774
3	775	743	742
3	742	774	775
3	776	744	743
3	743	775	776
3	777	745	744
3	744	776	777
3	778	746	745
3	745	777	778
3	779	747	746
3	746	778	779
3	780	748	747
3	747	779	780
3	781	749	748
3	748	780	781
3	782	750	749
3	749	781	782
3	783	751	750
3	750	782	783
3	784	752	751
3	751	783	784
3	785	753	752
3	752	784	785
3	786	754	753
3	753	785	786
3	787	755	754
3	754	786	787
3	788	756	755
3	755	787	788
3	789	757	756
3	756	788	789
3	790	758	757
3	757	789	790
3	791	759	758
3	758	790	791
3	792	760	759
3	759	791	792
3	793	761	760
3	760	792	793
3	794	762	761
3	761	793	794
3	795	763	762
3	762	794	795
3	764	732	763
3	763	795	764
3	797	765	764
3	764	796	797
3	798	766	765
3	765	797	798
3	799	767	766
3	766	798	799
3	800	768	767
3	767	799	800
3	801	769	768
3	768	800	801
3	802	770	769
3	769	801	802
3	803	771	770
3	770	802	803
3	804	772	771
3	771	803	804
3	805	773	772
3	772	804	805
3	806	774	773
3	773	805	806
3	807	775	774
3	774	806	807
3	808	776	775
3	775	807	808
3	809	777	776
3	776	808	809
3	810	778	777
3	777	809	810
3	811	779	778
3	778	810	811
3	812	780	779
3	779	811	812
3	813	781	780
3	780	812	813
3	814	782	781
3	781	813	814
3	815	783	782
3	782	814	815
3	816	784	783
3	783	815	816
3	817	785	784
3	784	816	817
3	818	786	785
3	785	817	818
3	819	787	786
3	786	818	819
3	820	788	787
3	787	819	820
3	821	789	788
3	788	820	821
3	822	790	789
3	789	821	822
3	823	791	790
3	790	822	823
3	824	792	791
3	791	823	824
3	825	793	792
3	792	824	825
3	826	794	793
3	793	825	826
3	827	795	794
3	794	826	827
3	796	764	795
3	795	827	796
3	829	797	796
3	796	828	829
3	830	798	797
3	797	829	830
3	831	799	798
3	798	830	831
3	832	800	799
3	799	831	832
3	833	801	800
3	800	832	833
3	834	802	801
3	801	833	834
3	835	803	802
3	802	834	835
3	836	804	803
3	803	835	836
3	837	805	804
3	804	836	837
3	838	806	805
3	805	837	838
3	839	807	806
3	806	838	839
3	840	808	807
3	807	839	840
3	841	809	808
3	808	840	841
3	842	810	809
3	809	841	842
3	843	811	810
3	810	842	843
3	844	812	811
3	811	843	844
3	845	813	812
3	812	844	845
3	846	814	813
3	813	845	846
3	847	815	814
3	814	846	847
3	848	816	815
3	815	847	848
3	849	817	816
3	816	848	849
3	850	818	817
3	817	849	850
3	851	819	818
3	818	850	851
3	852	820	819
3	819	851	852
3	853	821	820
3	820	852	853
3	854	822	821
3	821	853	854
3	855	823	822
3	822	854	855
3	856	824	823
3	823	855	856
3	857	825	824
3	824	856	857
3	858	826	825
3	825	857	858
3	859	827	826
3	826	858	859
3	828	796	827
3	827	859	828
3	861	829	828
3	828	860	861
3	862	830	829
3	829	861	862
3	863	831	830
3	830	862	863
3	864	832	831
3	831	863	864
3	865	833	832
3	832	864	865
3	866	834	833
3	833	865	866
3	867	835	834
3	834	866	867
3	868	836	835
3	835	867	868
3	869	837	836
3	836	868	869
3	870	838	837
3	837	869	870
3	871	839	838
3	838	870	871
3	872	840	839
3	839	871	872
3	873	841	840
3	840	872	873
3	874	842	841
3	841	873	874
3	875	843	842
3	842	874	875
3	876	844	843
3	843	875	876
3	877	845	844
3	844	876	877
3	878	846	845
3	845	877	878
3	879	847	846
3	846	878	879
3	880	848	847
3	847	879	880
3	881	849	848
3	848	880	881
3	882	850	849
3	849	881	882
3	883	851	850
3	850	882	883
3	884	852	851
3	851	883	884
3	885	853	852
3	852	884	885
3	886	854	853
3	853	885	886
3	887	855	854
3	854	886	887
3	888	856	855
3	855	887	888
3	889	857	856
3	856	888	889
3	890	858	857
3	857	889	890
3	891	859	858
3	858	890	891
3	860	828	859
3	859	891	860
3	893	861	860
3	860	892	893
3	894	862	861
3	861	893	894
3	895	863	862
3	862	894	895
3	896	864	863
3	863	895	896
3	897	865	864
3	864	896	897
3	898	866	865
3	865	897	898
3	899	867	866
3	866	898	899
3	900	868	867
3	867	899	900
3	901	869	868
3	868	900	901
3	902	870	869
3	869	901	902
3	903	871	870
3	870	902	903
3	904	872	871
3	871	903	904
3	905	873	872
3	872	904	905
3	906	874	873
3	873	905	906
3	907	875	874
3	874	906	907
3	908	876	875
3	875	907	908
3	909	877	876
3	876	908	909
3	910	878	877
3	877	909	910
3	911	879	878
3	878	910	911
3	912	880	879
3	879	911	912
3	913	881	880
3	880	912	913
3	914	882	881
3	881	913	914
3	915	883	882
3	882	914	915
3	916	884	883
3	883	915	916
3	917	885	884
3	884	916	917
3	918	886	885
3	885	917	918
3	919	887	886
3	886	918	919
3	920	888	887
3	887	919	920
3	921	889	888
3	888	920	921
3	922	890	889
3	889	921	922
3	923	891	890
3	890	922	923
3	892	860	891
3	891	923	892
3	925	893	892
3	892	924	925
3	926	894	893
3	893	925	926
3	927	895	894
3	894	926	927
3	928	896	895
3	895	927	928
3	929	897	896
3	896	928	929
3	930	898	897
3	897	929	930
3	931	899	898
3	898	930	931
3	932	900	899
3	899	931	932
3	933	901	900
3	900	932	933
3	934	902	901
3	901	933	934
3	935	903	902
3	902	934	935
3	936	904	903
3	903	935	936
3	937	905	904
3	904	936	937
3	938	906	905
3	905	937	938
3	939	907	906
3	906	938	939
3	940	908	907
3	907	939	940
3	941	909	908
3	908	940	941
3	942	910	909
3	909	941	942
3	943	911	910
3	910	942	943
3	944	912	911
3	911	943	944
3	945	913	912
3	912	944	945
3	946	914	913
3	913	945	946
3	947	915	914
3	914	946	947
3	948	916	915
3	915	947	948
3	949	917	916
3	916	948	949
3	950	918	917
3	917	949	950
3	951	919	918
3	918	950	951
3	952	920	919
3	919	951	952
3	953	921	920
3	920	952	953
3	954	922	921
3	921	953	954
3	955	923	922
3	922	954	955
3	924	892	923
3	923	955	924
3	957	925	924
3	924	956	957
3	958	926	925
3	925	957	958
3	959	927	926
3	926	958	959
3	960	928	927
3	927	959	960
3	961	929	928
3	928	960	961
3	962	930	929
3	929	961	962
3	963	931	930
3	930	962	963
3	964	932	931
3	931	963	964
3	965	933	932
3	932	964	965
3	966	934	933
3	933	965	966
3	967	935	934
3	934	966	967
3	968	936	935
3	935	967	968
3	969	937	936
3	936	968	969
3	970	938	937
3	937	969	970
3	971	939	938
3	938	970	971
3	972	940	939
3	939	971	972
3	973	941	940
3	940	972	973
3	974	942	941
3	941	973	974
3	975	943	942
3	942	974	975
3	976	944	943
3	943	975	976
3	977	945	944
3	944	976	977
3	978	946	945
3	945	977	978
3	979	947	946
3	946	978	979
3	980	948	947
3	947	979	980
3	981	949	948
3	948	980	981
3	982	950	949
3	949	981	982
3	983	951	950
3	950	982	983
3	984	952	951
3	951	983	984
3	985	953	952
3	952	984	985
3	986	954	953
3	953	985	986
3	987	955	954
3	954	986	987
3	956	924	955
3	955	987	956
3	989	957	956
3	956	988	989
3	990	958	957
3	957	989	990
3	991	959	958
3	958	990	991
3	992	960	959
3	959	991	992
3	993	961	960
3	960	992	993
3	994	962	961
3	961	993	994
3	995	963	962
3	962	994	995
3	996	964	963
3	963	995	996
3	997	965	964
3	964	996	997
3	998	966	965
3	965	997	998
3	999	967	966
3	966	998	999
3	1000	968	967
3	967	999	1000
3	1001	969	968
3	968	1000	1001
3	1002	970	969
3	969	1001	1002
3	1003	971	970
3	970	1002	1003
3	1004	972	971
3	971	1003	1004
3	1005	973	972
3	972	1004	1005
3	1006	974	973
3	973	1005	1006
3	1007	975	974
3	974	1006	1007
3	1008	976	975
3	975	1007	1008
3	1009	977	976
3	976	1008	1009
3	1010	978	977
3	977	1009	1010
3	1011	979	978
3	978	1010	1011
3	1012	980	979
3	979	1011	1012
3	1013	981	980
3	980	1012	1013
3	1014	982	981
3	981	1013	1014
3	1015	983	982
3	982	1014	1015
3	1016	984	983
3	983	1015	1016
3	1017	985	984
3	984	1016	1017
3	1018	986	985
3	985	1017	1018
3	1019	987	986
3	986	1018	1019
3	988	956	987
3	987	1019	988
3	1021	989	988
3	988	1020	1021
3	1022	990	989
3	989	1021	1022
3	1023	991	990
3	990	1022	1023
3	1024	992	991
3	991	1023	1024
3	1025	993	992
3	992	1024	1025
3	1026	994	993
3	993	1025	1026
3	1027	995	994
3	994	1026	1027
3	1028	996	995
3	995	1027	1028
3	1029	997	996
3	996	1028	1029
3	1030	998	997
3	997	1029	1030
3	1031	999	998
3	998	1030	1031
3	1032	1000	999
3	999	1031	1032
3	1033	1001	1000
3	1000	1032	1033
3	1034	1002	1001
3	1001	1033	1034
3	1035	1003	1002
3	1002	1034	1035
3	1036	1004	1003
3	1003	1035	1036
3	1037	1005	1004
3	1004	1036	1037
3	1038	1006	1005
3	1005	1037	1038
3	1039	1007	1006
3	1006	1038	1039
3	1040	1008	1007
3	1007	1039	1040
3	1041	1009	1008
3	1008	1040	1041
3	1042	1010	1009
3	1009	1041	1042
3	1043	1011	1010
3	1010	1042	1043
3	1044	1012	1011
3	1011	1043	1044
3	1045	1013	1012
3	1012	1044	1045
3	1046	1014	1013
3	1013	1045	1046
3	1047	1015	1014
3	1014	1046	1047
3	1048	1016	1015
3	1015	1047	1048
3	1049	1017	1016
3	1016	1048	1049
3	1050	1018	1017
3	1017	1049	1050
3	1051	1019	1018
3	1018	1050	1051
3	1020	988	1019
3	1019	1051	1020
3	1053	1021	1020
3	1020	1052	1053
3	1054	1022	1021
3	1021	1053	1054
3	1055	1023	1022
3	1022	1054	1055
3	1056	1024	1023
3	1023	1055	1056
3	1057	1025	1024
3	1024	1056	1057
3	1058	1026	1025
3	1025	1057	1058
3	1059	1027	1026
3	1026	1058	1059
3	1060	1028	1027
3	1027	1059	1060
3	1061	1029	1028
3	1028	1060	1061
3	1062	1030	1029
3	1029	1061	1062
3	1063	1031	1030
3	1030	1062	1063
3	1064	1032	1031
3	1031	1063	1064
3	1065	1033	1032
3	1032	1064	1065
3	1066	1034	1033
3	1033	1065	1066
3	1067	1035	1034
3	1034	1066	1067
3	1068	1036	1035
3	1035	1067	1068
3	1069	1037	1036
3	1036	1068	1069
3	1070	1038	1037
3	1037	1069	1070
3	1071	1039	1038
3	1038	1070	1071
3	1072	1040	1039
3	1039	1071	1072
3	1073	1041	1040
3	1040	1072	1073
3	1074	1042	1041
3	1041	1073	1074
3	1075	1043	1042
3	1042	1074	1075
3	1076	1044	1043
3	1043	1075	1076
3	1077	1045	1044
3	1044	1076	1077
3	1078	1046	1045
3	1045	1077	1078
3	1079	1047	1046
3	1046	1078	1079
3	1080	1048	1047
3	1047	1079	1080
3	1081	1049	1048
3	1048	1080	1081
3	1082	1050	1049
3	1049	1081	1082
3	1083	1051	1050
3	1050	1082	1083
3	1052	1020	1051
3	1051	1083	1052
3	1085	1053	1052
3	1052	1084	1085
3	1086	1054	1053
3	1053	1085	1086
3	1087	1055	1054
3	1054	1086	1087
3	1088	1056	1055
3	1055	1087	1088
3	1089	1057	1056
3	1056	1088	1089
3	1090	1058	1057
3	1057	1089	1090
3	1091	1059	1058
3	1058	1090	1091
3	1092	1060	1059
3	1059	1091	1092
3	1093	1061	1060
3	1060	1092	1093
3	1094	1062	1061
3	1061	1093	1094
3	1095	1063	1062
3	1062	1094	1095
3	1096	1064	1063
3	1063	1095	1096
3	1097	1065	1064
3	1064	1096	1097
3	1098	1066	1065
3	1065	1097	1098
3	1099	1067	1066
3	1066	1098	1099
3	1100	1068	1067
3	1067	1099	1100
3	1101	1069	1068
3	1068	1100	1101
3	1102	1070	1069
3	1069	1101	1102
3	1103	1071	1070
3	1070	1102	1103
3	1104	1072	1071
3	1071	1103	1104
3	1105	1073	1072
3	1072	1104	1105
3	1106	1074	1073
3	1073	1105	1106
3	1107	1075	1074
3	1074	1106	1107
3	1108	1076	1075
3	1075	1107	1108
3	1109	1077	1076
3	1076	1108	1109
3	1110	1078	1077
3	1077	1109	1110
3	1111	1079	1078
3	1078	1110	1111
3	1112	1080	1079
3	1079	1111	1112
3	1113	1081	1080
3	1080	1112	1113
3	1114	1082	1081
3	1081	1113	1114
3	1115	1083	1082
3	1082	1114	1115
3	1084	1052	1083
3	1083	1115	1084
3	1117	1085	1084
3	1084	1116	1117
3	1118	1086	1085
3	1085	1117	1118
3	1119	1087	1086
3	1086	1118	1119
3	1120	1088	1087
3	1087	1119	1120
3	1121	1089	1088
3	1088	1120	1121
3	1122	1090	1089
3	1089	1121	1122
3	1123	1091	1090
3	1090	1122	1123
3	1124	1092	1091
3	1091	1123	1124
3	1125	1093	1092
3	1092	1124	1125
3	1126	1094	1093
3	1093	1125	1126
3	1127	1095	1094
3	1094	1126	1127
3	1128	1096	1095
3	1095	1127	1128
3	1129	1097	1096
3	1096	1128	1129
3	1130	1098	1097
3	1097	1129	1130
3	1131	1099	1098
3	1098	1130	1131
3	1132	1100	1099
3	1099	1131	1132
3	1133	1101	1100
3	1100	1132	1133
3	1134	1102	1101
3	1101	1133	1134
3	1135	1103	1102
3	1102	1134	1135
3	1136	1104	1103
3	1103	1135	1136
3	1137	1105	1104
3	1104	1136	1137
3	1138	1106	1105
3	1105	1137	1138
3	1139	1107	1106
3	1106	1138	1139
3	1140	1108	1107
3	1107	1139	1140
3	1141	1109	1108
3	1108	1140	1141
3	1142	1110	1109
3	1109	1141	1142
3	1143	1111	1110
3	1110	1142	1143
3	1144	1112	1111
3	1111	1143	1144
3	1145	1113	1112
3	1112	1144	1145
3	1146	1114	1113
3	1113	1145	1146
3	1147	1115	1114
3	1114	1146	1147
3	1116	1084	1115
3	1115	1147	1116
3	1148	1117	1116
3	1148	1118	1117
3	1148	1119	1118
3	1148	1120	1119
3	1148	1121	1120
3	1148	1122	1121
3	1148	1123	1122
3	1148	1124	1123
3	1148	1125	1124
3	1148	1126	1125
3	1148	1127	1126
3	1148	1128	1127
3	1148	1129	1128
3	1148	1130	1129
3	1148	1131	1130
3	1148	1132	1131
3	1148	1133	1132
3	1148	1134	1133
3	1148	1135	1134
3	1148	1136	1135
3	1148	1137	1136
3	1148	1138	1137
3	1148	1139	1138
3	1148	1140	1139
3	1148	1141	1140
3	1148	1142	1141
3	1148	1143	1142
3	1148	1144	1143
3	1148	1145	1144
3	1148	1146	1145
3	1148	1147	1146
3	1148	1116	1147
3	1152	408	1154
3	1156	377	1158
3	1191	346	1190
3	313	1200	1195
3	314	313	1195
3	1196	314	1195
3	1163	345	1165
3	1193	315	314
3	314	1196	1193
3	1199	1200	313
3	313	312	1199
3	341	1207	1203
3	342	341	1203
3	1204	342	1203
3	1205	342	1204
3	346	1191	1192
3	346	1192	1180
3	1180	1181	347
3	346	1180	347
3	316	1194	1197
3	316	1197	1188
3	1188	1189	317
3	316	1188	317
3	368	1211	1209
3	368	1209	1208
3	1206	368	1208
3	1232	1246	1247
3	1247	1233	1232
3	1233	1247	1248
3	1248	1155	1153
3	1233	1248	1153
3	1246	1263	1264
3	1264	1247	1246
3	1247	1264	1265
3	1265	1248	1247
3	1248	1265	1266
3	1266	1249	1248
3	1263	1281	1282
3	1282	1264	1263
3	1264	1282	1283
3	1283	1265	1264
3	1265	1283	1284
3	1284	1266	1265
3	1281	1298	1299
3	1299	1282	1281
3	1234	1251	1252
3	1252	1235	1234
3	1235	1252	1253
3	1253	1236	1235
3	1250	1268	1269
3	1269	1251	1250
3	1251	1269	1270
3	1270	1252	1251
3	1252	1270	1271
3	1271	1253	1252
3	1268	1285	1286
3	1286	1269	1268
3	1269	1286	1287
3	1287	1270	1269
3	1270	1287	1288
3	1288	1271	1270
3	1287	1300	1301
3	1301	1288	1287
3	1236	1253	1254
3	1254	1237	1236
3	1237	1254	1255
3	1255	1238	1237
3	1238	1255	1256
3	1256	1239	1238
3	1239	1256	1257
3	1257	1240	1239
3	1240	1257	1258
3	1258	1241	1240
3	1241	1258	1259
3	1259	1242	1241
3	1242	1259	1260
3	1260	1243	1242
3	1243	1260	1261
3	1261	1244	1243
3	1244	1261	1262
3	1262	1245	1244
3	1245	1262	1246
3	1246	1232	1245
3	1253	1271	1272
3	1272	1254	1253
3	1254	1272	1273
3	1273	1255	1254
3	1255	1273	1274
3	1274	1256	1255
3	1256	1274	1275
3	1275	1257	1256
3	1257	1275	1276
3	1276	1258	1257
3	1258	1276	1277
3	1277	1259	1258
3	1259	1277	1278
3	1278	1260	1259
3	1260	1278	1279
3	1279	1261	1260
3	1261	1279	1280
3	1280	1262	1261
3	1262	1280	1263
3	1263	1246	1262
3	1271	1288	1289
3	1289	1272	1271
3	1272	1289	1290
3	1290	1273	1272
3	1273	1290	1291
3	1291	1274	1273
3	1274	1291	1292
3	1292	1275	1274
3	1275	1292	1293
3	1293	1276	1275
3	1276	1293	1294
3	1294	1277	1276
3	1277	1294	1295
3	1295	1278	1277
3	1278	1295	1296
3	1296	1279	1278
3	1279	1296	1297
3	1297	1280	1279
3	1280	1297	1281
3	1281	1263	1280
3	1288	1301	1302
3	1302	1289	1288
3	1289	1302	1303
3	1303	1290	1289
3	1290	1303	1304
3	1304	1291	1290
3	1291	1304	1305
3	1305	1292	1291
3	1292	1305	1306
3	1306	1293	1292
3	1293	1306	1307
3	1307	1294	1293
3	1294	1307	1308
3	1308	1295	1294
3	1295	1308	1309
3	1309	1296	1295
3	1296	1309	1310
3	1310	1297	1296
3	1297	1310	1298
3	1298	1281	1297
3	1310	1231	1177
3	1177	1298	1310
3	1201	1285	1268
3	1201	1268	1267
3	1202	1201	1267
3	1202	1267	1198
3	1205	1204	1203
3	1205	1203	1285
3	1201	1205	1285
3	1199	1198	1267
3	1267	1195	1200
3	1199	1267	1200
3	1166	1162	1266
3	1167	1166	1266
3	1167	1266	1284
3	1167	1284	1169
3	1167	1169	1168
3	1164	1160	1249
3	1165	1164	1249
3	1163	1165	1249
3	1161	1163	1249
3	1161	1249	1266
3	1162	1161	1266
3	1196	1195	1267
3	1193	1196	1267
3	1194	1193	1267
3	1194	1267	1197
3	1189	1188	1250
3	1250	1192	1191
3	1250	1191	1190
3	1189	1250	1190
3	1188	1197	1267
3	1188	1267	1268
3	1188	1268	1250
3	1206	1208	1286
3	1207	1206	1286
3	1207	1286	1285
3	1207	1285	1203
3	1172	1174	1284
3	1172	1284	1283
3	1173	1172	1283
3	1173	1283	1171
3	1175	1169	1284
3	1284	1174	1175
3	1159	1157	1249
3	1249	1160	1159
3	1181	1180	1234
3	1234	1183	1182
3	1181	1234	1182
3	1192	1250	1251
3	1180	1192	1251
3	1180	1251	1234
3	1213	1212	1301
3	1210	1213	1301
3	1210	1301	1300
3	1170	1171	1283
3	1170	1283	1282
3	1170	1282	1299
3	1299	1178	1179
3	1179	1170	1299
3	1211	1210	1300
3	1300	1209	1211
3	1209	1300	1287
3	1209	1287	1286
3	1208	1209	1286
3	1154	1150	1233
3	1152	1154	1233
3	1153	1152	1233
3	1248	1249	1157
3	1157	1156	1158
3	1248	1157	1158
3	1155	1248	1158
3	1183	1234	1235
3	1184	1183	1235
3	1184	1235	1185
3	1186	1185	1235
3	1186	1235	1236
3	1186	1236	1187
3	1176	1178	1299
3	1176	1299	1298
3	1177	1176	1298
3	1301	1212	1223
3	1223	1302	1301
3	1303	1302	1223
3	1223	1224	1303
3	1304	1303	1224
3	1224	1225	1304
3	1305	1304	1225
3	1225	1226	1305
3	1306	1305	1226
3	1226	1227	1306
3	1307	1306	1227
3	1227	1228	1307
3	1308	1307	1228
3	1228	1229	1308
3	1309	1308	1229
3	1229	1230	1309
3	1310	1309	1230
3	1230	1231	1310
3	1149	1151	1232
3	1150	1149	1232
3	1150	1232	1233
3	1214	1187	1236
3	1236	1237	1214
3	1215	1214	1237
3	1237	1238	1215
3	1216	1215	1238
3	1238	1239	1216
3	1217	1216	1239
3	1239	1240	1217
3	1218	1217	1240
3	1240	1241	1218
3	1219	1218	1241
3	1241	1242	1219
3	1220	1219	1242
3	1242	1243	1220
3	1221	1220	1243
3	1243	1244	1221
3	1222	1221	1244
3	1244	1245	1222
3	1151	1222	1245
3	1245	1232	1151
