data 1262 1215
1.565900	0.148078	2.963756
1.510300	1.183534	2.137650
-6.257500	1.235876	1.944134
-7.832800	-0.584400	-0.000236
-8.083100	0.223400	-0.000236
-8.143700	0.794300	-0.000236
-7.923500	0.946900	-0.000236
-6.395600	1.291600	-0.000236
-6.028700	1.428000	-0.000236
-5.745600	1.545100	-0.000458
-4.383400	2.257499	-0.000654
-3.811200	2.459899	-0.000236
-2.502300	2.524899	-0.000236
0.165500	2.446100	-0.000236
0.473800	2.288599	-0.000678
1.682800	1.271900	-0.000377
2.287600	1.175400	-0.000236
1.781900	1.215900	-0.000236
6.476100	0.818900	-0.000236
7.037000	0.607800	-0.000180
6.966700	-0.147000	0.000043
6.551358	-0.767658	-0.000236
6.826100	0.725200	-0.000236
2.659600	1.311567	-0.000236
-8.079300	0.771333	2.136472
-6.441800	1.198475	2.278745
-5.902800	1.327080	1.959407
-5.648900	1.304481	2.298013
-5.558400	1.504857	1.877654
-4.357601	2.094719	1.753180
-3.837100	2.210096	2.012145
-5.808000	1.328348	2.184307
-2.527100	2.350696	2.010703
-3.764500	1.383757	2.556790
-2.407000	1.096591	2.671775
-8.133000	0.824221	2.431156
-7.935900	0.901233	2.474233
-6.445100	1.182273	2.611049
-4.876400	1.292906	2.720917
-4.830400	1.311344	2.510612
-3.817300	1.230714	2.747336
-2.789100	1.030003	2.710495
-8.042800	0.245067	2.589028
-6.117800	0.232959	2.899831
1.082600	1.205061	2.570643
2.704300	1.284328	0.881320
2.708200	1.142683	0.954762
2.289000	1.122185	0.962468
5.551600	1.001960	0.925703
5.762200	1.022185	-0.000236
-0.010100	2.236125	2.107038
0.178200	2.191191	1.994450
1.201500	1.201715	2.412544
1.362300	1.024598	2.690897
-2.439300	0.990907	2.723207
1.996800	1.073034	2.142282
2.743100	1.044932	2.135391
2.738300	1.039891	2.670292
5.506300	0.835515	2.077952
5.509100	0.861457	2.553044
6.200901	0.718112	2.064988
6.190000	0.720335	2.478486
6.677001	0.511412	2.403548
-5.316200	0.673667	2.926800
-6.213300	-0.417203	2.689823
-4.808900	0.722871	2.939986
-3.855100	0.226484	2.980933
-3.636400	-0.378064	2.821712
-2.560600	0.192774	2.951343
-2.580900	-1.012184	2.416100
-2.559600	-0.829945	2.550146
-3.654700	-0.768337	2.575627
1.228300	1.047575	2.615889
0.094000	1.008105	2.716902
1.464100	-0.874343	2.555359
1.481300	-1.047279	2.432711
2.743400	-1.092587	2.406724
2.772200	-0.895143	2.552565
2.905000	-0.231640	2.902068
3.117000	0.139879	2.964458
3.778400	0.483663	2.912656
4.541600	0.416149	2.863076
5.016100	0.100948	2.861070
5.304400	-0.409694	2.718322
5.487100	-0.851577	2.441653
6.157000	0.077088	2.661877
6.650600	0.089938	2.488274
6.662700	-0.173196	2.378252
6.445100	-0.419453	2.378721
6.744300	0.532407	2.048442
6.720000	-0.192001	2.019457
6.244500	-0.833554	1.844947
-0.006700	2.312896	2.010214
-4.334900	2.050201	2.031092
-5.546501	1.461828	2.116867
-7.698600	-0.519729	2.265054
6.151300	-0.834642	2.218747
-2.747100	1.145489	2.662060
-3.785500	1.252777	2.621529
6.432800	-0.628783	1.746687
6.740600	-0.194149	1.858858
6.915700	-0.169170	0.436250
6.622701	-0.621661	0.468684
2.522900	1.144881	0.947760
2.491700	1.183200	-0.000236
-2.482700	2.217144	2.172543
6.808100	0.548500	1.687138
6.761500	-0.181396	1.698553
0.076700	2.282095	2.008023
0.383100	2.368700	-0.000236
4.290400	0.998480	2.632304
1.427500	1.250124	2.104129
1.284900	1.134830	2.461863
1.128200	1.114166	2.587670
4.948400	-0.008254	2.855203
4.488100	0.285074	2.949715
3.790000	0.341691	3.007499
3.200900	0.024076	2.955893
-4.838000	0.546793	3.012038
-5.859300	0.199666	2.922441
-5.290200	0.517185	2.989247
-4.008800	0.182985	2.987445
-3.742400	-0.425584	2.753526
-4.238000	0.404995	3.017980
-4.147100	0.520078	2.963046
-7.853700	0.908052	2.202431
-6.280900	-0.721482	2.423813
-6.280900	-0.721628	1.928131
-6.213300	-0.417428	1.928040
-5.859300	0.199371	1.927858
-5.290200	0.516871	1.927764
-4.838000	0.546471	1.927755
-4.238000	0.404671	1.927797
-4.008800	0.182671	1.927863
-3.742400	-0.425828	1.928043
-3.654700	-0.768528	1.928144
2.743400	-1.092728	1.928241
2.772200	-0.895328	1.928183
2.905000	-0.231928	1.927985
3.200900	0.023772	1.927910
3.790000	0.341371	1.927816
4.488100	0.284771	1.927832
4.948400	-0.008528	1.927920
5.304400	-0.409928	1.928038
5.487100	-0.851728	1.928170
-4.370500	2.184509	1.224263
-3.824150	2.368598	1.353708
-2.514700	2.471398	1.352977
0.079400	2.413098	1.352744
0.229900	2.358998	1.351660
0.326000	2.273495	1.344886
6.472600	0.625260	2.056715
6.433501	0.615874	2.441017
6.403800	0.083513	2.575076
7.035143	0.587864	-0.000236
7.019437	0.617577	-0.000236
6.810787	0.549196	1.667332
6.789911	0.556435	1.684615
6.804626	0.547624	1.706814
6.803931	0.527584	1.707274
6.806826	0.528543	1.687450
6.809106	0.529233	1.667557
6.726079	0.540113	2.045506
6.743665	0.512449	2.047292
6.654045	0.521092	2.407250
6.678901	0.492364	2.387180
6.630761	0.089470	2.494976
6.654058	0.091945	2.467714
6.665676	-0.153888	2.364982
6.644063	-0.186168	2.384743
6.706425	-0.206623	2.017983
6.720911	-0.172023	2.018932
6.722065	-0.207738	1.891466
6.729263	-0.210157	1.854726
6.741302	-0.174154	1.859609
6.758922	-0.182969	1.718324
6.750473	-0.197960	1.696423
6.763925	-0.181204	1.678701
6.765565	-0.161260	1.678424
6.762774	-0.161439	1.698241
6.759080	-0.162863	1.717957
6.904734	-0.185802	0.434436
6.917116	-0.149231	0.437022
6.955513	-0.163717	-0.000236
6.968559	-0.127049	-0.000236
6.567493	-0.165717	1.993742
6.512258	-0.147583	2.339792
6.500641	0.098251	2.442524
6.525484	0.498669	2.361990
6.590248	0.518755	2.022101
6.650514	0.533889	1.682084
6.605663	-0.156557	1.692767
6.587885	-0.167849	1.834419
6.613578	-0.126271	0.398764
6.462028	-0.138300	1.640166
6.505568	0.552193	1.629298
6.731606	0.610824	-0.000236
6.665021	-0.104089	-0.000236
-8.048408	0.242052	2.228781
-8.067504	0.418105	1.998843
-8.094190	0.412002	1.241158
-8.124095	0.605248	1.241216
-8.068381	0.595083	1.986011
-8.067801	0.575386	1.967348
-8.067782	0.614823	2.004628
-8.125324	0.625663	1.221170
-8.121352	0.584967	1.261248
-8.091836	0.392076	1.221166
-8.094742	0.432164	1.261044
-8.065215	0.398307	2.020241
-8.070277	0.437883	1.977484
-8.164746	0.581441	1.263619
-8.111194	0.571860	1.969718
-8.113671	0.434357	1.979854
-8.138136	0.428638	1.263414
-4.364544	2.264169	-0.000236
-4.378719	2.238055	-0.000236
-4.401126	2.248229	-0.000236
-4.388283	2.175321	1.223522
-4.351610	2.191154	1.224693
-4.375101	2.087187	1.734829
-4.355986	2.091553	1.772942
-4.338255	2.099007	1.762805
-5.542870	1.514795	1.855963
-5.575935	1.495806	1.881816
-5.557415	1.501293	1.897470
-5.727824	1.554397	-0.000236
-5.732193	1.530260	-0.000236
-5.764146	1.537429	-0.000236
-2.498962	2.206571	2.177418
-2.500433	2.183261	2.188127
-2.481468	2.198910	2.180667
-2.461451	2.199154	2.180385
-2.462708	2.217298	2.172013
-2.489013	2.231471	2.158627
-3.766207	1.403179	2.543989
-3.784435	1.382403	2.555927
-3.767345	1.366010	2.565562
-3.616416	1.330051	2.580126
-3.717955	1.391505	2.552745
-2.751011	1.127469	2.669887
-2.743195	1.163363	2.653901
-2.426789	1.099436	2.671210
-2.408040	1.077950	2.679178
-2.387018	1.097212	2.671196
-2.388249	1.115353	2.662853
-2.408232	1.114825	2.663651
-2.428479	1.117867	2.662360
-0.018435	2.217855	2.115546
-0.003126	2.247111	2.089536
1.037213	1.221912	2.563761
1.092296	1.185733	2.574264
1.094850	1.204716	2.554354
0.160908	2.203753	2.008886
0.198418	2.182220	1.981184
0.341523	2.260904	1.346634
0.311361	2.287130	1.343358
0.489152	2.275689	-0.000236
0.458768	2.301875	-0.000236
1.700300	1.262011	-0.000236
1.667437	1.284819	-0.000236
1.412325	1.263297	2.099145
1.443812	1.238651	2.109690
1.197364	1.214449	2.389066
0.826604	1.561806	2.277717
1.189481	1.202053	2.428526
1.215668	1.190353	2.420922
-8.003709	0.085528	2.209702
-8.048097	0.242220	2.248795
-8.049556	0.261722	2.225350
-8.050528	0.261759	2.202479
-8.084187	0.244371	0.151620
-8.085212	0.243288	-0.000236
-8.040363	0.085485	-0.000236
-7.698600	-0.519819	1.959674
-7.678920	-0.522530	2.267258
-7.679413	-0.518405	2.270541
-7.717723	-0.477238	2.283053
-7.830129	-0.171225	2.209702
-7.960828	-0.171217	-0.000236
-7.814709	-0.575772	-0.000236
-8.375964	0.008977	-0.000236
-8.375964	0.008995	2.209702
-8.375964	-0.094703	2.209702
-8.375964	-0.094700	-0.000236
-8.375964	0.008995	2.589028
-8.003709	0.085528	2.589028
-7.830129	-0.171225	2.589028
-8.375964	-0.094703	2.589028
-8.003709	0.085528	2.735828
-7.926887	-0.171225	2.735828
-8.168461	-0.094703	2.735828
-8.168461	0.008995	2.735828
-7.696107	0.085528	2.735828
-7.696107	0.085528	2.665515
-7.522527	-0.171225	2.665515
-7.522527	-0.171225	2.735828
6.703227	-0.474852	-0.000236
6.815424	-0.309880	-0.000236
6.810719	-0.310368	0.445853
6.716717	-0.455639	0.457267
6.630437	-0.318506	1.818712
6.558139	-0.419467	1.898051
6.531626	-0.458034	1.818712
7.055823	-0.348146	1.818712
7.055823	-0.343484	0.445853
7.055823	-0.343205	-0.000236
7.055823	-0.437694	-0.000236
7.055823	-0.426690	0.457267
7.055823	-0.428062	1.818712
7.034225	-0.428061	2.378721
6.531626	-0.458034	2.378721
6.630437	-0.318506	2.378721
7.034225	-0.348146	2.378721
6.531626	-0.458034	2.523121
6.587056	-0.318506	2.523121
6.898388	-0.348146	2.523121
6.898388	-0.428061	2.523121
6.196024	-0.458034	2.523121
6.196024	-0.458034	2.467870
6.294836	-0.318506	2.467870
6.294836	-0.318506	2.523121
6.294836	-0.318506	-2.523593
6.294836	-0.318506	-2.468343
6.196024	-0.458034	-2.468343
6.196024	-0.458034	-2.523593
6.898388	-0.428061	-2.523593
6.898388	-0.348146	-2.523593
6.587056	-0.318506	-2.523593
6.531626	-0.458034	-2.523593
7.034225	-0.348146	-2.379193
6.630437	-0.318506	-2.379193
6.531626	-0.458034	-2.379193
7.034225	-0.428061	-2.379193
7.055823	-0.428062	-1.819184
7.055823	-0.426690	-0.457739
7.055823	-0.343484	-0.446325
7.055823	-0.348146	-1.819184
6.531626	-0.458034	-1.819184
6.558139	-0.419467	-1.898523
6.630437	-0.318506	-1.819184
6.716717	-0.455639	-0.457739
6.810719	-0.310368	-0.446325
-7.522527	-0.171225	-2.736300
-7.522527	-0.171225	-2.665987
-7.696107	0.085528	-2.665987
-7.696107	0.085528	-2.736300
-8.168461	0.008995	-2.736300
-8.168461	-0.094703	-2.736300
-7.926887	-0.171225	-2.736300
-8.003709	0.085528	-2.736300
-8.375964	-0.094703	-2.589500
-7.830129	-0.171225	-2.589500
-8.003709	0.085528	-2.589500
-8.375964	0.008995	-2.589500
-8.375964	-0.094703	-2.210174
-8.375964	0.008995	-2.210174
-7.830129	-0.171225	-2.210174
-7.717723	-0.477238	-2.283525
-7.679413	-0.518405	-2.271013
-7.678920	-0.522530	-2.267730
-7.698600	-0.519819	-1.960146
-8.084187	0.244371	-0.152092
-8.050528	0.261759	-2.202951
-8.049556	0.261722	-2.225822
-8.048097	0.242220	-2.249267
-8.003709	0.085528	-2.210174
1.215668	1.190353	-2.421394
1.189481	1.202053	-2.428998
0.826604	1.561806	-2.278189
1.197364	1.214449	-2.389538
1.443812	1.238651	-2.110162
1.412325	1.263297	-2.099617
0.311361	2.287130	-1.343830
0.341523	2.260904	-1.347106
0.198418	2.182220	-1.981656
0.160908	2.203753	-2.009358
1.094850	1.204716	-2.554826
1.092296	1.185733	-2.574736
1.037213	1.221912	-2.564233
-0.003126	2.247111	-2.090008
-0.018435	2.217855	-2.116018
-2.428479	1.117867	-2.662832
-2.408232	1.114825	-2.664123
-2.388249	1.115353	-2.663325
-2.387018	1.097212	-2.671668
-2.408040	1.077950	-2.679650
-2.426789	1.099436	-2.671682
-2.743195	1.163363	-2.654373
-2.751011	1.127469	-2.670359
-3.717955	1.391505	-2.553217
-3.616416	1.330051	-2.580598
-3.767345	1.366010	-2.566034
-3.784435	1.382403	-2.556399
-3.766207	1.403179	-2.544461
-2.489013	2.231471	-2.159099
-2.462708	2.217298	-2.172485
-2.461451	2.199154	-2.180857
-2.481468	2.198910	-2.181139
-2.500433	2.183261	-2.188599
-2.498962	2.206571	-2.177890
-5.557415	1.501293	-1.897942
-5.575935	1.495806	-1.882288
-5.542870	1.514795	-1.856435
-4.338255	2.099007	-1.763277
-4.355986	2.091553	-1.773414
-4.375101	2.087187	-1.735301
-4.351610	2.191154	-1.225165
-4.388283	2.175321	-1.223994
-8.138136	0.428638	-1.263886
-8.113671	0.434357	-1.980326
-8.111194	0.571860	-1.970190
-8.164746	0.581441	-1.264091
-8.070277	0.437883	-1.977956
-8.065215	0.398307	-2.020713
-8.094742	0.432164	-1.261516
-8.091836	0.392076	-1.221637
-8.121352	0.584967	-1.261721
-8.125324	0.625663	-1.221642
-8.067782	0.614823	-2.005100
-8.067801	0.575386	-1.967820
-8.068381	0.595083	-1.986483
-8.124095	0.605248	-1.241688
-8.094190	0.412002	-1.241630
-8.067504	0.418105	-1.999315
-8.048408	0.242052	-2.229253
6.505568	0.552193	-1.629771
6.462028	-0.138300	-1.640638
6.613578	-0.126271	-0.399236
6.587885	-0.167849	-1.834891
6.605663	-0.156557	-1.693239
6.650514	0.533889	-1.682556
6.590248	0.518755	-2.022573
6.525484	0.498669	-2.362462
6.500641	0.098251	-2.442996
6.512258	-0.147583	-2.340264
6.567493	-0.165717	-1.994214
6.917116	-0.149231	-0.437495
6.904734	-0.185802	-0.434908
6.759080	-0.162863	-1.718430
6.762774	-0.161439	-1.698713
6.765565	-0.161260	-1.678897
6.763925	-0.181204	-1.679173
6.750473	-0.197960	-1.696895
6.758922	-0.182969	-1.718796
6.741302	-0.174154	-1.860081
6.729263	-0.210157	-1.855199
6.722065	-0.207738	-1.891938
6.720911	-0.172023	-2.019404
6.706425	-0.206623	-2.018455
6.644063	-0.186168	-2.385215
6.665676	-0.153888	-2.365454
6.654058	0.091945	-2.468186
6.630761	0.089470	-2.495448
6.678901	0.492364	-2.387652
6.654045	0.521092	-2.407722
6.743665	0.512449	-2.047764
6.726079	0.540113	-2.045978
6.809106	0.529233	-1.668029
6.806826	0.528543	-1.687922
6.803931	0.527584	-1.707746
6.804626	0.547624	-1.707286
6.789911	0.556435	-1.685088
6.810787	0.549196	-1.667804
6.403800	0.083513	-2.575548
6.433501	0.615874	-2.441489
6.472600	0.625260	-2.057187
0.326000	2.273495	-1.345358
0.229900	2.358998	-1.352132
0.079400	2.413098	-1.353216
-2.514700	2.471398	-1.353449
-3.824150	2.368598	-1.354180
-4.370500	2.184509	-1.224735
5.487100	-0.851728	-1.928642
5.304400	-0.409928	-1.928510
4.948400	-0.008528	-1.928392
4.488100	0.284771	-1.928304
3.790000	0.341371	-1.928288
3.200900	0.023772	-1.928382
2.905000	-0.231928	-1.928457
2.772200	-0.895328	-1.928655
2.743400	-1.092728	-1.928713
-3.654700	-0.768528	-1.928616
-3.742400	-0.425828	-1.928515
-4.008800	0.182671	-1.928335
-4.238000	0.404671	-1.928269
-4.838000	0.546471	-1.928227
-5.290200	0.516871	-1.928236
-5.859300	0.199371	-1.928330
-6.213300	-0.417428	-1.928512
-6.280900	-0.721628	-1.928603
-6.280900	-0.721482	-2.424285
-7.853700	0.908052	-2.202903
-4.147100	0.520078	-2.963518
-4.238000	0.404995	-3.018452
-3.742400	-0.425584	-2.753998
-4.008800	0.182985	-2.987917
-5.290200	0.517185	-2.989719
-5.859300	0.199666	-2.922913
-4.838000	0.546793	-3.012510
3.200900	0.024076	-2.956365
3.790000	0.341691	-3.007971
4.488100	0.285074	-2.950187
4.948400	-0.008254	-2.855675
1.128200	1.114166	-2.588142
1.284900	1.134830	-2.462335
1.427500	1.250124	-2.104601
4.290400	0.998480	-2.632776
0.076700	2.282095	-2.008495
6.761500	-0.181396	-1.699025
6.808100	0.548500	-1.687610
-2.482700	2.217144	-2.173015
2.522900	1.144881	-0.948232
6.622701	-0.621661	-0.469156
6.915700	-0.169170	-0.436722
6.740600	-0.194149	-1.859330
6.432800	-0.628783	-1.747159
-3.785500	1.252777	-2.622001
-2.747100	1.145489	-2.662532
6.151300	-0.834642	-2.219219
-7.698600	-0.519729	-2.265526
-5.546501	1.461828	-2.117339
-4.334900	2.050201	-2.031564
-0.006700	2.312896	-2.010686
6.244500	-0.833554	-1.845419
6.720000	-0.192001	-2.019929
6.744300	0.532407	-2.048914
6.445100	-0.419453	-2.379193
6.662700	-0.173196	-2.378724
6.650600	0.089938	-2.488746
6.157000	0.077088	-2.662349
5.487100	-0.851577	-2.442125
5.304400	-0.409694	-2.718794
5.016100	0.100948	-2.861542
4.541600	0.416149	-2.863548
3.778400	0.483663	-2.913128
3.117000	0.139879	-2.964930
2.905000	-0.231640	-2.902540
2.772200	-0.895143	-2.553037
2.743400	-1.092587	-2.407196
1.481300	-1.047279	-2.433183
1.464100	-0.874343	-2.555831
0.094000	1.008105	-2.717374
1.228300	1.047575	-2.616361
-3.654700	-0.768337	-2.576099
-2.559600	-0.829945	-2.550618
-2.580900	-1.012184	-2.416572
-2.560600	0.192774	-2.951815
-3.636400	-0.378064	-2.822184
-3.855100	0.226484	-2.981405
-4.808900	0.722871	-2.940458
-6.213300	-0.417203	-2.690295
-5.316200	0.673667	-2.927272
6.677001	0.511412	-2.404020
6.190000	0.720335	-2.478958
6.200901	0.718112	-2.065460
5.509100	0.861457	-2.553516
5.506300	0.835515	-2.078424
2.738300	1.039891	-2.670764
2.743100	1.044932	-2.135863
1.996800	1.073034	-2.142754
-2.439300	0.990907	-2.723679
1.362300	1.024598	-2.691369
1.201500	1.201715	-2.413016
0.178200	2.191191	-1.994922
-0.010100	2.236125	-2.107510
5.551600	1.001960	-0.926175
2.289000	1.122185	-0.962940
2.708200	1.142683	-0.955234
2.704300	1.284328	-0.881792
1.082600	1.205061	-2.571115
-6.117800	0.232959	-2.900303
-8.042800	0.245067	-2.589500
-2.789100	1.030003	-2.710967
-3.817300	1.230714	-2.747808
-4.830400	1.311344	-2.511084
-4.876400	1.292906	-2.721389
-6.445100	1.182273	-2.611521
-7.935900	0.901233	-2.474705
-8.133000	0.824221	-2.431628
-2.407000	1.096591	-2.672247
-3.764500	1.383757	-2.557262
-2.527100	2.350696	-2.011175
-5.808000	1.328348	-2.184779
-3.837100	2.210096	-2.012617
-4.357601	2.094719	-1.753652
-5.558400	1.504857	-1.878126
-5.648900	1.304481	-2.298485
-5.902800	1.327080	-1.959879
-6.441800	1.198475	-2.279217
-8.079300	0.771333	-2.136944
6.966700	-0.147000	-0.000515
7.037000	0.607800	-0.000292
1.682800	1.271900	-0.000095
0.473800	2.288599	0.000206
-4.383400	2.257499	0.000182
-5.745600	1.545100	-0.000014
-8.083100	0.223400	-0.000236
-7.832800	-0.584400	-0.000236
-6.257500	1.235876	-1.944606
1.510300	1.183534	-2.138122
1.565900	0.148078	-2.964228
2.663733	1.253742	0.843987
2.562677	1.174871	0.881165
2.531678	1.213342	-0.000236
2.562677	1.174871	-0.881637
2.663733	1.253742	-0.844459
2.619606	1.281413	-0.000236
2.709059	1.093162	-0.881637
2.810116	1.172033	-0.844459
2.765989	1.199704	-0.000236
2.810116	1.172033	0.843987
2.709059	1.093162	0.881165
2.678061	1.131633	-0.000236
4.098845	-1.235389	-2.908655
4.098845	-1.335016	-2.842698
4.098845	-1.440745	-2.983045
4.098845	-1.758177	-2.991485
4.098845	-1.857824	-2.892520
4.098845	-0.793961	-2.074939
4.098845	-1.758700	-2.108520
4.098845	-1.858230	-2.207603
4.098845	-0.793399	-3.023922
4.098845	-0.793399	-3.023922
3.947726	-1.208748	-2.908639
3.913671	-1.302371	-2.842678
3.877487	-1.401721	-2.983021
3.768937	-1.700017	-2.991450
3.734882	-1.793660	-2.892482
3.734882	-1.794065	-2.207564
3.768937	-1.700540	-2.108485
4.098845	-0.793961	-2.074939
4.098845	-0.793399	-3.023922
3.814827	-1.132036	-2.908593
3.750823	-1.208373	-2.842623
3.682819	-1.289355	-2.982955
3.478807	-1.532548	-2.991351
3.414803	-1.608904	-2.892372
3.414803	-1.609310	-2.207455
3.478807	-1.533071	-2.108386
4.098845	-0.793961	-2.074939
4.098845	-0.793399	-3.023922
3.716172	-1.014504	-2.908524
3.629937	-1.064354	-2.842537
3.538311	-1.117195	-2.982853
3.263434	-1.275963	-2.991199
3.177198	-1.325832	-2.892204
3.177198	-1.326238	-2.207287
3.263434	-1.276486	-2.108234
4.098845	-0.793961	-2.074939
4.098845	-0.793399	-3.023922
3.663656	-0.870321	-2.908438
3.565586	-0.887679	-2.842433
3.461386	-0.905997	-2.982727
3.148787	-0.961197	-2.991012
3.050716	-0.978575	-2.891999
3.050716	-0.978981	-2.207081
3.148787	-0.961720	-2.108047
4.098845	-0.793961	-2.074939
4.098845	-0.793399	-3.023922
3.663611	-0.716872	-2.908347
3.565530	-0.699650	-2.842321
3.461320	-0.681227	-2.982594
3.148687	-0.626202	-2.990814
3.050606	-0.609000	-2.891780
3.050606	-0.609406	-2.206863
3.148687	-0.626726	-2.107849
4.098845	-0.793961	-2.074939
4.098845	-0.793399	-3.023922
3.716042	-0.572657	-2.908262
3.629776	-0.522937	-2.842216
3.538120	-0.469984	-2.982469
3.263148	-0.311369	-2.990627
3.176883	-0.261668	-2.891574
3.176883	-0.262074	-2.206657
3.263148	-0.311892	-2.107662
4.098845	-0.793961	-2.074939
4.098845	-0.793399	-3.023922
3.814626	-0.455066	-2.908192
3.750577	-0.378846	-2.842131
3.682525	-0.297738	-2.982367
3.478369	-0.054656	-2.990475
3.414320	0.021545	-2.891406
3.414320	0.021139	-2.206489
3.478369	-0.055179	-2.107510
4.098845	-0.793961	-2.074939
4.098845	-0.793399	-3.023922
3.947479	-0.378276	-2.908147
3.913369	-0.284751	-2.842075
3.877127	-0.185256	-2.982300
3.768400	0.112985	-2.990376
3.734290	0.206490	-2.891296
3.734290	0.206084	-2.206379
3.768400	0.112461	-2.107411
4.098845	-0.793961	-2.074939
4.098845	-0.793399	-3.023922
4.098583	-0.351545	-2.908131
4.098524	-0.251997	-2.842056
4.098461	-0.146101	-2.982277
4.098273	0.171340	-2.990341
4.098214	0.270870	-2.891258
4.098214	0.270464	-2.206341
4.098273	0.170817	-2.107376
4.098845	-0.793961	-2.074939
4.098845	-0.793399	-3.023922
4.249717	-0.378097	-2.908146
4.283717	-0.284532	-2.842075
4.319841	-0.184994	-2.982300
4.428215	0.113376	-2.990375
4.462214	0.206921	-2.891296
4.462214	0.206516	-2.206379
4.428215	0.112852	-2.107411
4.098845	-0.793961	-2.074939
4.098845	-0.793399	-3.023922
4.382661	-0.454730	-2.908192
4.446620	-0.378433	-2.842131
4.514576	-0.297245	-2.982367
4.718444	-0.053921	-2.990475
4.782403	0.022356	-2.891405
4.782403	0.021950	-2.206488
4.718444	-0.054444	-2.107510
4.098845	-0.793961	-2.074939
4.098845	-0.793399	-3.023922
4.481386	-0.572204	-2.908262
4.567592	-0.522381	-2.842216
4.659186	-0.469319	-2.982469
4.933969	-0.310379	-2.990626
5.020175	-0.260576	-2.891573
5.020175	-0.260981	-2.206656
4.933969	-0.310902	-2.107662
4.098845	-0.793961	-2.074939
4.098845	-0.793399	-3.023922
4.533987	-0.716356	-2.908347
4.632047	-0.699018	-2.842321
4.736236	-0.680471	-2.982594
5.048803	-0.625077	-2.990813
5.146863	-0.607758	-2.891779
5.146863	-0.608164	-2.206862
5.048803	-0.625600	-2.107848
4.098845	-0.793961	-2.074939
4.098845	-0.793399	-3.023922
4.534123	-0.869805	-2.908438
4.632214	-0.887047	-2.842432
4.736435	-0.905242	-2.982727
5.049101	-0.960071	-2.991011
5.147192	-0.977333	-2.891998
5.147192	-0.977738	-2.207081
5.049101	-0.960594	-2.108047
4.098845	-0.793961	-2.074939
4.098845	-0.793399	-3.023922
4.481778	-1.014050	-2.908523
4.568073	-1.063798	-2.842537
4.659761	-1.116530	-2.982852
4.934826	-1.274972	-2.991198
5.021121	-1.324740	-2.892204
5.021121	-1.325146	-2.207287
4.934826	-1.275496	-2.108233
4.098845	-0.793961	-2.074939
4.098845	-0.793399	-3.023922
4.383263	-1.131699	-2.908593
4.447357	-1.207960	-2.842622
4.515457	-1.288862	-2.982954
4.719758	-1.531813	-2.991350
4.783852	-1.608093	-2.892372
4.783852	-1.608499	-2.207455
4.719758	-1.532336	-2.108386
4.098845	-0.793961	-2.074939
4.098845	-0.793399	-3.023922
4.250455	-1.208568	-2.908639
4.284621	-1.302151	-2.842678
4.320922	-1.401459	-2.983021
4.429826	-1.699625	-2.991450
4.463992	-1.793228	-2.892481
4.463992	-1.793633	-2.207564
4.429826	-1.700148	-2.108485
4.098845	-0.793961	-2.074939
-4.940331	-0.793399	-3.023922
-4.940331	-0.793399	-3.023922
-5.091450	-1.208748	-2.908639
-4.940331	-1.235389	-2.908655
-5.125505	-1.302371	-2.842678
-4.940331	-1.335016	-2.842698
-5.161689	-1.401721	-2.983021
-4.940331	-1.440745	-2.983045
-5.270239	-1.700017	-2.991450
-4.940331	-1.758177	-2.991485
-5.304294	-1.793660	-2.892482
-4.940331	-1.857824	-2.892520
-5.304294	-1.794065	-2.207564
-4.940331	-1.858230	-2.207603
-5.270239	-1.700540	-2.108485
-4.940331	-1.758700	-2.108520
-4.940331	-0.793961	-2.074939
-4.940331	-0.793961	-2.074939
-4.940331	-0.793399	-3.023922
-5.224349	-1.132036	-2.908593
-5.288353	-1.208373	-2.842623
-5.356357	-1.289355	-2.982955
-5.560369	-1.532548	-2.991351
-5.624373	-1.608904	-2.892372
-5.624373	-1.609310	-2.207455
-5.560369	-1.533071	-2.108386
-4.940331	-0.793961	-2.074939
-4.940331	-0.793399	-3.023922
-5.323004	-1.014504	-2.908524
-5.409239	-1.064354	-2.842537
-5.500865	-1.117195	-2.982853
-5.775742	-1.275963	-2.991199
-5.861978	-1.325832	-2.892204
-5.861978	-1.326238	-2.207287
-5.775742	-1.276486	-2.108234
-4.940331	-0.793961	-2.074939
-4.940331	-0.793399	-3.023922
-5.375520	-0.870321	-2.908438
-5.473590	-0.887679	-2.842433
-5.577789	-0.905997	-2.982727
-5.890389	-0.961197	-2.991012
-5.988460	-0.978575	-2.891999
-5.988460	-0.978981	-2.207081
-5.890389	-0.961720	-2.108047
-4.940331	-0.793961	-2.074939
-4.940331	-0.793399	-3.023922
-5.375565	-0.716871	-2.908347
-5.473646	-0.699650	-2.842321
-5.577856	-0.681227	-2.982594
-5.890489	-0.626202	-2.990814
-5.988569	-0.609000	-2.891780
-5.988569	-0.609406	-2.206863
-5.890489	-0.626726	-2.107849
-4.940331	-0.793961	-2.074939
-4.940331	-0.793399	-3.023922
-5.323134	-0.572657	-2.908262
-5.409400	-0.522937	-2.842216
-5.501057	-0.469984	-2.982469
-5.776028	-0.311369	-2.990627
-5.862293	-0.261668	-2.891574
-5.862293	-0.262074	-2.206657
-5.776028	-0.311892	-2.107662
-4.940331	-0.793961	-2.074939
-4.940331	-0.793399	-3.023922
-5.224549	-0.455066	-2.908192
-5.288599	-0.378846	-2.842131
-5.356650	-0.297738	-2.982367
-5.560807	-0.054656	-2.990475
-5.624856	0.021545	-2.891406
-5.624856	0.021139	-2.206489
-5.560807	-0.055179	-2.107510
-4.940331	-0.793961	-2.074939
-4.940331	-0.793399	-3.023922
-5.091697	-0.378276	-2.908147
-5.125807	-0.284751	-2.842075
-5.162049	-0.185256	-2.982300
-5.270776	0.112985	-2.990376
-5.304886	0.206490	-2.891296
-5.304886	0.206084	-2.206379
-5.270776	0.112461	-2.107411
-4.940331	-0.793961	-2.074939
-4.940331	-0.793399	-3.023922
-4.940593	-0.351545	-2.908131
-4.940652	-0.251996	-2.842056
-4.940715	-0.146101	-2.982277
-4.940903	0.171340	-2.990341
-4.940962	0.270870	-2.891258
-4.940962	0.270464	-2.206341
-4.940903	0.170817	-2.107376
-4.940331	-0.793961	-2.074939
-4.940331	-0.793399	-3.023922
-4.789459	-0.378097	-2.908146
-4.755459	-0.284532	-2.842075
-4.719335	-0.184994	-2.982300
-4.610961	0.113376	-2.990375
-4.576962	0.206921	-2.891296
-4.576962	0.206516	-2.206379
-4.610961	0.112852	-2.107411
-4.940331	-0.793961	-2.074939
-4.940331	-0.793399	-3.023922
-4.656515	-0.454730	-2.908192
-4.592556	-0.378434	-2.842131
-4.524600	-0.297245	-2.982367
-4.320732	-0.053921	-2.990475
-4.256773	0.022355	-2.891405
-4.256773	0.021950	-2.206488
-4.320732	-0.054444	-2.107510
-4.940331	-0.793961	-2.074939
-4.940331	-0.793399	-3.023922
-4.557790	-0.572204	-2.908262
-4.471584	-0.522381	-2.842216
-4.379990	-0.469319	-2.982469
-4.105207	-0.310379	-2.990626
-4.019001	-0.260575	-2.891573
-4.019001	-0.260981	-2.206656
-4.105207	-0.310902	-2.107662
-4.940331	-0.793961	-2.074939
-4.940331	-0.793399	-3.023922
-4.505189	-0.716356	-2.908347
-4.407129	-0.699018	-2.842321
-4.302940	-0.680471	-2.982594
-3.990373	-0.625076	-2.990813
-3.892313	-0.607758	-2.891779
-3.892313	-0.608164	-2.206862
-3.990373	-0.625600	-2.107848
-4.940331	-0.793961	-2.074939
-4.940331	-0.793399	-3.023922
-4.505053	-0.869805	-2.908438
-4.406962	-0.887047	-2.842432
-4.302741	-0.905242	-2.982727
-3.990075	-0.960071	-2.991011
-3.891984	-0.977333	-2.891998
-3.891984	-0.977738	-2.207081
-3.990075	-0.960594	-2.108047
-4.940331	-0.793961	-2.074939
-4.940331	-0.793399	-3.023922
-4.557398	-1.014050	-2.908523
-4.471103	-1.063798	-2.842537
-4.379415	-1.116530	-2.982852
-4.104350	-1.274972	-2.991198
-4.018055	-1.324740	-2.892204
-4.018055	-1.325146	-2.207287
-4.104350	-1.275496	-2.108233
-4.940331	-0.793961	-2.074939
-4.940331	-0.793399	-3.023922
-4.655913	-1.131699	-2.908593
-4.591819	-1.207960	-2.842622
-4.523719	-1.288862	-2.982954
-4.319418	-1.531813	-2.991350
-4.255324	-1.608093	-2.892372
-4.255324	-1.608499	-2.207455
-4.319418	-1.532336	-2.108386
-4.940331	-0.793961	-2.074939
-4.940331	-0.793399	-3.023922
-4.788721	-1.208568	-2.908639
-4.754555	-1.302151	-2.842678
-4.718254	-1.401459	-2.983021
-4.609350	-1.699625	-2.991450
-4.575184	-1.793228	-2.892481
-4.575184	-1.793633	-2.207564
-4.609350	-1.700148	-2.108485
-4.940331	-0.793961	-2.074939
4.098845	-1.235389	2.908155
4.098845	-1.335016	2.842198
4.098845	-1.440745	2.982545
4.098845	-1.758177	2.990985
4.098845	-1.857824	2.892020
4.098845	-0.793961	2.074439
4.098845	-1.758700	2.108020
4.098845	-1.858230	2.207103
4.098845	-0.793399	3.023422
4.098845	-0.793399	3.023422
3.947726	-1.208748	2.908139
3.913671	-1.302371	2.842178
3.877487	-1.401721	2.982521
3.768937	-1.700017	2.990950
3.734882	-1.793660	2.891982
3.734882	-1.794065	2.207064
3.768937	-1.700540	2.107985
4.098845	-0.793961	2.074439
4.098845	-0.793399	3.023422
3.814827	-1.132036	2.908093
3.750823	-1.208373	2.842123
3.682819	-1.289355	2.982455
3.478807	-1.532548	2.990851
3.414803	-1.608904	2.891872
3.414803	-1.609310	2.206955
3.478807	-1.533071	2.107886
4.098845	-0.793961	2.074439
4.098845	-0.793399	3.023422
3.716172	-1.014504	2.908024
3.629937	-1.064354	2.842037
3.538311	-1.117195	2.982353
3.263434	-1.275963	2.990699
3.177198	-1.325832	2.891704
3.177198	-1.326238	2.206787
3.263434	-1.276486	2.107734
4.098845	-0.793961	2.074439
4.098845	-0.793399	3.023422
3.663656	-0.870321	2.907938
3.565586	-0.887679	2.841933
3.461386	-0.905997	2.982227
3.148787	-0.961197	2.990512
3.050716	-0.978575	2.891499
3.050716	-0.978981	2.206581
3.148787	-0.961720	2.107547
4.098845	-0.793961	2.074439
4.098845	-0.793399	3.023422
3.663611	-0.716872	2.907847
3.565530	-0.699650	2.841821
3.461320	-0.681227	2.982094
3.148687	-0.626202	2.990314
3.050606	-0.609000	2.891280
3.050606	-0.609406	2.206363
3.148687	-0.626726	2.107349
4.098845	-0.793961	2.074439
4.098845	-0.793399	3.023422
3.716042	-0.572657	2.907762
3.629776	-0.522937	2.841716
3.538120	-0.469984	2.981969
3.263148	-0.311369	2.990127
3.176883	-0.261668	2.891074
3.176883	-0.262074	2.206157
3.263148	-0.311892	2.107162
4.098845	-0.793961	2.074439
4.098845	-0.793399	3.023422
3.814626	-0.455066	2.907692
3.750577	-0.378846	2.841631
3.682525	-0.297738	2.981867
3.478369	-0.054656	2.989975
3.414320	0.021545	2.890906
3.414320	0.021139	2.205989
3.478369	-0.055179	2.107010
4.098845	-0.793961	2.074439
4.098845	-0.793399	3.023422
3.947479	-0.378276	2.907647
3.913369	-0.284751	2.841575
3.877127	-0.185256	2.981800
3.768400	0.112985	2.989876
3.734290	0.206490	2.890796
3.734290	0.206084	2.205879
3.768400	0.112461	2.106911
4.098845	-0.793961	2.074439
4.098845	-0.793399	3.023422
4.098583	-0.351545	2.907631
4.098524	-0.251997	2.841556
4.098461	-0.146101	2.981777
4.098273	0.171340	2.989841
4.098214	0.270870	2.890758
4.098214	0.270464	2.205841
4.098273	0.170817	2.106876
4.098845	-0.793961	2.074439
4.098845	-0.793399	3.023422
4.249717	-0.378097	2.907646
4.283717	-0.284532	2.841575
4.319841	-0.184994	2.981800
4.428215	0.113376	2.989875
4.462214	0.206921	2.890796
4.462214	0.206516	2.205879
4.428215	0.112852	2.106911
4.098845	-0.793961	2.074439
4.098845	-0.793399	3.023422
4.382661	-0.454730	2.907692
4.446620	-0.378433	2.841631
4.514576	-0.297245	2.981867
4.718444	-0.053921	2.989975
4.782403	0.022356	2.890905
4.782403	0.021950	2.205988
4.718444	-0.054444	2.107010
4.098845	-0.793961	2.074439
4.098845	-0.793399	3.023422
4.481386	-0.572204	2.907762
4.567592	-0.522381	2.841716
4.659186	-0.469319	2.981969
4.933969	-0.310379	2.990126
5.020175	-0.260576	2.891073
5.020175	-0.260981	2.206156
4.933969	-0.310902	2.107162
4.098845	-0.793961	2.074439
4.098845	-0.793399	3.023422
4.533987	-0.716356	2.907847
4.632047	-0.699018	2.841821
4.736236	-0.680471	2.982094
5.048803	-0.625077	2.990313
5.146863	-0.607758	2.891279
5.146863	-0.608164	2.206362
5.048803	-0.625600	2.107348
4.098845	-0.793961	2.074439
4.098845	-0.793399	3.023422
4.534123	-0.869805	2.907938
4.632214	-0.887047	2.841932
4.736435	-0.905242	2.982227
5.049101	-0.960071	2.990511
5.147192	-0.977333	2.891498
5.147192	-0.977738	2.206581
5.049101	-0.960594	2.107547
4.098845	-0.793961	2.074439
4.098845	-0.793399	3.023422
4.481778	-1.014050	2.908023
4.568073	-1.063798	2.842037
4.659761	-1.116530	2.982352
4.934826	-1.274972	2.990698
5.021121	-1.324740	2.891704
5.021121	-1.325146	2.206787
4.934826	-1.275496	2.107733
4.098845	-0.793961	2.074439
4.098845	-0.793399	3.023422
4.383263	-1.131699	2.908093
4.447357	-1.207960	2.842122
4.515457	-1.288862	2.982454
4.719758	-1.531813	2.990850
4.783852	-1.608093	2.891872
4.783852	-1.608499	2.206955
4.719758	-1.532336	2.107886
4.098845	-0.793961	2.074439
4.098845	-0.793399	3.023422
4.250455	-1.208568	2.908139
4.284621	-1.302151	2.842178
4.320922	-1.401459	2.982521
4.429826	-1.699625	2.990950
4.463992	-1.793228	2.891981
4.463992	-1.793633	2.207064
4.429826	-1.700148	2.107985
4.098845	-0.793961	2.074439
-4.940331	-0.793399	3.023422
-4.940331	-0.793399	3.023422
-5.091450	-1.208748	2.908139
-4.940331	-1.235389	2.908155
-5.125505	-1.302371	2.842178
-4.940331	-1.335016	2.842198
-5.161689	-1.401721	2.982521
-4.940331	-1.440745	2.982545
-5.270239	-1.700017	2.990950
-4.940331	-1.758177	2.990985
-5.304294	-1.793660	2.891982
-4.940331	-1.857824	2.892020
-5.304294	-1.794065	2.207064
-4.940331	-1.858230	2.207103
-5.270239	-1.700540	2.107985
-4.940331	-1.758700	2.108020
-4.940331	-0.793961	2.074439
-4.940331	-0.793961	2.074439
-4.940331	-0.793399	3.023422
-5.224349	-1.132036	2.908093
-5.288353	-1.208373	2.842123
-5.356357	-1.289355	2.982455
-5.560369	-1.532548	2.990851
-5.624373	-1.608904	2.891872
-5.624373	-1.609310	2.206955
-5.560369	-1.533071	2.107886
-4.940331	-0.793961	2.074439
-4.940331	-0.793399	3.023422
-5.323004	-1.014504	2.908024
-5.409239	-1.064354	2.842037
-5.500865	-1.117195	2.982353
-5.775742	-1.275963	2.990699
-5.861978	-1.325832	2.891704
-5.861978	-1.326238	2.206787
-5.775742	-1.276486	2.107734
-4.940331	-0.793961	2.074439
-4.940331	-0.793399	3.023422
-5.375520	-0.870321	2.907938
-5.473590	-0.887679	2.841933
-5.577789	-0.905997	2.982227
-5.890389	-0.961197	2.990512
-5.988460	-0.978575	2.891499
-5.988460	-0.978981	2.206581
-5.890389	-0.961720	2.107547
-4.940331	-0.793961	2.074439
-4.940331	-0.793399	3.023422
-5.375565	-0.716871	2.907847
-5.473646	-0.699650	2.841821
-5.577856	-0.681227	2.982094
-5.890489	-0.626202	2.990314
-5.988569	-0.609000	2.891280
-5.988569	-0.609406	2.206363
-5.890489	-0.626726	2.107349
-4.940331	-0.793961	2.074439
-4.940331	-0.793399	3.023422
-5.323134	-0.572657	2.907762
-5.409400	-0.522937	2.841716
-5.501057	-0.469984	2.981969
-5.776028	-0.311369	2.990127
-5.862293	-0.261668	2.891074
-5.862293	-0.262074	2.206157
-5.776028	-0.311892	2.107162
-4.940331	-0.793961	2.074439
-4.940331	-0.793399	3.023422
-5.224549	-0.455066	2.907692
-5.288599	-0.378846	2.841631
-5.356650	-0.297738	2.981867
-5.560807	-0.054656	2.989975
-5.624856	0.021545	2.890906
-5.624856	0.021139	2.205989
-5.560807	-0.055179	2.107010
-4.940331	-0.793961	2.074439
-4.940331	-0.793399	3.023422
-5.091697	-0.378276	2.907647
-5.125807	-0.284751	2.841575
-5.162049	-0.185256	2.981800
-5.270776	0.112985	2.989876
-5.304886	0.206490	2.890796
-5.304886	0.206084	2.205879
-5.270776	0.112461	2.106911
-4.940331	-0.793961	2.074439
-4.940331	-0.793399	3.023422
-4.940593	-0.351545	2.907631
-4.940652	-0.251996	2.841556
-4.940715	-0.146101	2.981777
-4.940903	0.171340	2.989841
-4.940962	0.270870	2.890758
-4.940962	0.270464	2.205841
-4.940903	0.170817	2.106876
-4.940331	-0.793961	2.074439
-4.940331	-0.793399	3.023422
-4.789459	-0.378097	2.907646
-4.755459	-0.284532	2.841575
-4.719335	-0.184994	2.981800
-4.610961	0.113376	2.989875
-4.576962	0.206921	2.890796
-4.576962	0.206516	2.205879
-4.610961	0.112852	2.106911
-4.940331	-0.793961	2.074439
-4.940331	-0.793399	3.023422
-4.656515	-0.454730	2.907692
-4.592556	-0.378434	2.841631
-4.524600	-0.297245	2.981867
-4.320732	-0.053921	2.989975
-4.256773	0.022355	2.890905
-4.256773	0.021950	2.205988
-4.320732	-0.054444	2.107010
-4.940331	-0.793961	2.074439
-4.940331	-0.793399	3.023422
-4.557790	-0.572204	2.907762
-4.471584	-0.522381	2.841716
-4.379990	-0.469319	2.981969
-4.105207	-0.310379	2.990126
-4.019001	-0.260575	2.891073
-4.019001	-0.260981	2.206156
-4.105207	-0.310902	2.107162
-4.940331	-0.793961	2.074439
-4.940331	-0.793399	3.023422
-4.505189	-0.716356	2.907847
-4.407129	-0.699018	2.841821
-4.302940	-0.680471	2.982094
-3.990373	-0.625076	2.990313
-3.892313	-0.607758	2.891279
-3.892313	-0.608164	2.206362
-3.990373	-0.625600	2.107348
-4.940331	-0.793961	2.074439
-4.940331	-0.793399	3.023422
-4.505053	-0.869805	2.907938
-4.406962	-0.887047	2.841932
-4.302741	-0.905242	2.982227
-3.990075	-0.960071	2.990511
-3.891984	-0.977333	2.891498
-3.891984	-0.977738	2.206581
-3.990075	-0.960594	2.107547
-4.940331	-0.793961	2.074439
-4.940331	-0.793399	3.023422
-4.557398	-1.014050	2.908023
-4.471103	-1.063798	2.842037
-4.379415	-1.116530	2.982352
-4.104350	-1.274972	2.990698
-4.018055	-1.324740	2.891704
-4.018055	-1.325146	2.206787
-4.104350	-1.275496	2.107733
-4.940331	-0.793961	2.074439
-4.940331	-0.793399	3.023422
-4.655913	-1.131699	2.908093
-4.591819	-1.207960	2.842122
-4.523719	-1.288862	2.982454
-4.319418	-1.531813	2.990850
-4.255324	-1.608093	2.891872
-4.255324	-1.608499	2.206955
-4.319418	-1.532336	2.107886
-4.940331	-0.793961	2.074439
-4.940331	-0.793399	3.023422
-4.788721	-1.208568	2.908139
-4.754555	-1.302151	2.842178
-4.718254	-1.401459	2.982521
-4.609350	-1.699625	2.990950
-4.575184	-1.793228	2.891981
-4.575184	-1.793633	2.207064
-4.609350	-1.700148	2.107985
-4.940331	-0.793961	2.074439
4 231 248 242 240 
5 224 227 218 219 221 
4 261 262 256 258 
4 85 84 89 97 
4 171 173 89 170 
4 97 89 100 92 
5 303 89 173 174 302 
4 92 100 103 22 
4 182 184 299 300 
6 613 614 609 610 611 612 
3 114 113 73 
3 113 2 73 
3 73 2 56 
4 48 17 105 104 
5 2 18 17 48 56 
4 61 19 23 152 
4 46 24 50 49 
3 104 46 47 
4 57 47 49 59 
5 56 48 104 47 57 
5 49 50 19 61 59 
4 54 56 57 58 
3 73 56 54 
5 58 57 59 60 111 
4 60 59 61 62 
4 62 61 152 153 
4 84 83 86 89 
3 86 154 89 
4 1 54 58 80 
4 86 62 153 154 
3 74 114 73 
5 69 55 74 54 1 
3 74 55 114 
4 71 69 1 75 
3 74 73 54 
4 71 75 76 70 
3 43 36 37 
4 66 39 41 125 
3 68 67 69 
4 68 69 71 72 
3 32 95 28 
3 41 99 42 
4 25 126 37 36 
4 6 7 126 25 
4 229 225 27 9 
4 126 26 38 37 
4 38 26 32 28 
4 3 27 32 26 
4 38 28 40 39 
5 27 225 226 95 32 
4 99 238 239 42 
4 39 40 99 41 
4 214 215 212 213 
4 95 94 40 28 
5 40 94 31 236 237 
5 253 250 109 265 266 
4 259 257 150 110 
4 220 216 12 147 
4 148 147 12 13 
4 149 148 13 14 
4 150 149 14 110 
4 94 222 223 31 
4 235 236 31 33 
3 79 80 118 
4 117 81 82 116 
4 116 82 83 115 
3 115 83 84 
4 241 244 55 42 
4 244 252 114 55 
4 267 263 2 113 
4 124 125 67 122 
4 263 260 18 2 
3 239 241 42 
3 65 44 120 
6 114 252 253 266 267 113 
4 121 64 66 119 
4 44 64 121 120 
4 119 66 125 124 
4 122 67 68 123 
3 123 68 72 
4 75 78 77 76 
4 80 81 117 118 
3 72 71 70 
4 7 8 26 126 
3 26 8 3 
4 3 8 9 27 
5 250 235 33 93 109 
4 40 237 238 99 
4 226 222 94 95 
3 47 46 49 
3 254 265 109 
4 277 65 127 276 
5 43 44 65 277 278 
4 37 38 44 43 
3 80 79 1 
3 79 75 1 
3 79 78 75 
3 111 81 58 
3 111 82 81 
3 81 80 58 
3 60 62 111 
3 62 82 111 
3 62 83 82 
3 62 86 83 
3 39 66 38 
3 66 64 38 
3 64 44 38 
3 42 125 41 
3 55 125 42 
3 55 67 125 
3 55 69 67 
4 547 70 76 541 
4 520 97 92 525 
9 135 136 128 129 130 131 132 133 134 
4 128 127 65 129 
4 129 65 120 130 
4 130 120 121 131 
4 131 121 119 132 
4 132 119 124 133 
4 133 124 122 134 
4 134 122 123 135 
4 135 123 72 136 
9 144 145 137 138 139 140 141 142 143 
4 137 77 78 138 
4 138 78 79 139 
4 139 79 118 140 
4 140 118 117 141 
4 141 117 116 142 
4 142 116 115 143 
4 143 115 84 144 
4 144 84 85 145 
4 491 128 136 483 
4 482 137 145 474 
5 177 182 300 302 174 
3 92 22 525 
6 284 285 356 357 282 283 
3 281 275 362 
8 275 276 127 128 491 492 361 362 
6 136 72 70 547 545 483 
6 77 137 482 540 541 76 
6 145 85 97 520 532 474 
8 192 193 186 187 188 189 190 191 
4 264 255 256 262 
4 257 254 109 150 
4 149 150 109 93 
4 148 149 93 33 
4 147 148 33 31 
4 223 220 147 31 
5 197 198 194 195 196 
5 158 163 152 23 156 
4 163 165 153 152 
4 165 167 154 153 
4 167 170 89 154 
3 20 156 155 
4 107 159 158 157 
4 107 161 160 159 
4 107 157 162 161 
3 101 174 173 
4 108 178 177 176 
4 108 180 179 178 
4 108 176 181 180 
3 21 185 184 
4 156 20 157 158 
4 20 155 162 157 
4 158 159 90 163 
4 159 160 164 90 
4 163 90 63 165 
4 90 164 166 63 
4 165 63 87 167 
4 63 166 168 87 
4 170 88 91 171 
4 88 169 172 91 
4 171 91 101 173 
4 91 172 175 101 
4 174 101 176 177 
4 101 175 181 176 
4 177 178 102 182 
4 178 179 183 102 
4 182 102 21 184 
4 102 183 185 21 
4 160 161 180 181 
4 161 162 179 180 
4 167 87 88 170 
4 87 168 169 88 
4 172 169 187 186 
4 169 168 188 187 
4 168 166 189 188 
4 166 164 190 189 
4 164 160 191 190 
4 160 181 192 191 
4 181 175 193 192 
4 175 172 186 193 
4 183 179 195 194 
4 179 162 196 195 
4 162 155 197 196 
4 185 183 194 198 
5 270 25 36 43 269 
3 278 269 43 
4 271 272 208 210 
5 206 208 272 273 6 
4 205 206 6 25 
5 210 205 25 270 271 
4 205 203 202 206 
4 203 204 207 202 
4 206 202 201 208 
4 202 207 209 201 
4 208 201 200 210 
4 201 209 211 200 
4 210 200 203 205 
4 200 211 204 203 
4 207 204 213 212 
4 204 211 214 213 
4 211 209 215 214 
4 209 207 212 215 
4 251 246 233 249 
3 11 217 216 
3 11 218 217 
3 30 223 222 
3 29 226 225 
3 10 228 227 
3 10 229 228 
4 106 232 231 230 
4 106 234 233 232 
3 106 235 234 
3 106 230 235 
3 34 237 236 
3 34 238 237 
3 34 239 238 
3 35 244 243 
3 35 245 244 
4 35 247 246 245 
4 35 243 248 247 
3 45 253 252 
3 15 259 258 
3 16 261 260 
3 53 266 265 
3 53 267 266 
4 218 11 146 219 
4 11 216 220 146 
4 219 146 30 221 
4 146 220 223 30 
4 221 30 29 224 
4 30 222 226 29 
4 224 29 10 227 
4 29 225 229 10 
4 235 230 34 236 
4 230 231 240 34 
4 239 34 98 241 
4 34 240 242 98 
4 241 98 243 244 
4 98 242 248 243 
4 231 232 247 248 
4 232 233 246 247 
4 233 234 51 249 
4 234 235 250 51 
4 249 51 45 251 
4 51 250 253 45 
4 251 45 245 246 
4 45 252 244 245 
4 255 52 151 256 
4 52 254 257 151 
4 256 151 15 258 
4 151 257 259 15 
4 261 16 112 262 
4 16 260 263 112 
4 262 112 53 264 
4 112 263 267 53 
4 264 53 52 255 
4 53 265 254 52 
3 199 270 269 
3 199 271 270 
3 5 273 272 
3 5 274 273 
3 96 276 275 
3 96 277 276 
3 96 278 277 
3 4 281 280 
4 271 199 5 272 
4 199 268 274 5 
4 279 96 4 280 
4 96 275 281 4 
4 268 199 96 279 
4 199 269 278 96 
4 274 268 283 282 
4 292 293 290 291 
4 279 280 285 284 
4 283 268 287 286 
4 268 279 288 287 
4 279 284 289 288 
4 284 283 286 289 
4 296 297 294 295 
4 288 289 292 291 
4 289 286 293 292 
4 286 287 290 293 
4 290 287 295 294 
4 287 288 296 295 
4 288 291 297 296 
4 291 290 294 297 
4 301 298 22 103 
4 304 301 103 100 
4 89 303 304 100 
3 302 304 303 
10 309 310 305 306 307 337 338 335 336 308 
4 302 300 306 305 
4 300 299 307 306 
4 298 301 309 308 
4 301 304 310 309 
4 317 318 315 316 
4 310 304 312 311 
4 304 302 313 312 
4 302 305 314 313 
4 305 310 311 314 
4 321 322 319 320 
4 313 314 317 316 
4 314 311 318 317 
4 311 312 315 318 
4 315 312 320 319 
4 312 313 321 320 
4 313 316 322 321 
4 316 315 319 322 
4 330 329 323 326 
4 329 332 324 323 
4 332 333 325 324 
4 333 330 326 325 
4 333 334 327 330 
4 334 331 328 327 
4 331 332 329 328 
4 323 324 325 326 
4 335 338 331 334 
4 338 341 332 331 
4 341 339 333 332 
4 339 335 334 333 
4 327 328 329 330 
4 339 342 336 335 
4 342 298 308 336 
4 299 343 337 307 
4 343 341 338 337 
3 339 341 340 
4 340 528 517 339 
4 342 339 517 514 
4 298 342 514 22 
4 351 350 344 347 
4 350 353 345 344 
4 353 354 346 345 
4 354 351 347 346 
4 354 355 348 351 
4 355 352 349 348 
4 352 353 350 349 
4 344 345 346 347 
4 357 356 352 355 
4 356 358 353 352 
4 358 367 354 353 
4 367 357 355 354 
4 280 358 356 285 
4 348 349 350 351 
4 367 274 282 357 
4 366 426 521 359 
4 426 367 358 521 
4 362 521 599 281 
4 521 358 280 599 
4 367 426 598 274 
4 426 364 363 598 
3 281 599 280 
3 359 521 360 
3 360 521 361 
3 361 521 362 
3 274 598 273 
3 273 598 363 
3 364 426 365 
3 365 426 366 
4 370 564 565 377 
4 564 371 376 565 
4 372 507 564 368 
4 507 373 371 564 
4 260 594 507 372 
4 594 261 373 507 
4 374 468 595 259 
4 468 375 258 595 
4 377 565 468 374 
4 565 376 375 468 
4 379 571 386 387 
4 571 380 385 386 
4 381 566 571 378 
4 566 382 380 571 
4 396 397 566 381 
4 397 398 382 566 
4 398 399 384 385 
4 399 400 383 384 
4 389 519 388 383 
4 519 390 387 388 
4 391 582 519 389 
4 582 392 390 519 
4 400 401 582 391 
4 401 396 395 582 
4 403 587 597 229 
4 587 404 227 597 
4 406 586 587 402 
4 586 407 404 587 
4 408 473 586 405 
4 473 409 407 586 
4 216 596 473 408 
4 596 218 409 473 
3 368 564 369 
3 369 564 370 
3 261 594 260 
3 259 595 258 
3 378 571 379 
4 388 581 384 383 
4 384 581 386 385 
3 386 581 387 
3 387 581 388 
3 392 582 393 
3 393 582 394 
3 394 582 395 
3 401 512 396 
3 396 512 397 
4 397 512 399 398 
4 399 512 401 400 
3 229 597 228 
3 228 597 227 
3 402 587 403 
3 405 586 406 
3 218 596 217 
3 217 596 216 
4 385 380 382 398 
4 418 416 410 413 
4 416 414 411 410 
4 414 421 412 411 
4 421 418 413 412 
4 414 425 422 421 
4 425 415 420 422 
4 416 424 425 414 
4 424 417 415 425 
4 418 423 424 416 
4 423 419 417 424 
4 421 422 423 418 
4 422 420 419 423 
5 420 415 364 365 591 
4 419 420 591 6 
5 417 419 6 273 363 
4 363 364 415 417 
3 366 359 573 
5 591 365 366 573 580 
4 438 185 198 429 
4 155 459 427 197 
4 459 442 428 427 
4 442 438 429 428 
4 449 446 430 437 
4 446 440 431 430 
4 440 461 432 431 
4 461 457 433 432 
4 457 455 434 433 
4 455 453 435 434 
4 453 452 436 435 
4 452 449 437 436 
4 453 530 529 452 
4 530 454 451 529 
4 459 460 441 442 
4 460 461 440 441 
4 438 515 592 185 
4 515 439 184 592 
4 442 443 515 438 
4 443 444 439 515 
4 446 516 445 440 
4 516 447 444 445 
4 449 526 516 446 
4 526 450 448 516 
4 452 529 526 449 
4 529 451 450 526 
4 455 554 530 453 
4 554 456 454 530 
4 457 527 554 455 
4 527 458 456 554 
4 461 462 527 457 
4 462 463 458 527 
4 155 593 464 459 
4 593 156 463 464 
3 185 592 184 
4 445 510 441 440 
4 441 510 443 442 
4 443 510 445 444 
3 447 516 448 
4 464 511 460 459 
4 460 511 462 461 
4 462 511 464 463 
3 156 593 155 
4 451 454 465 528 
4 454 456 466 465 
4 456 458 467 466 
5 458 463 156 23 467 
5 198 197 427 428 429 
4 408 405 585 472 
4 471 472 585 583 
4 470 471 583 524 
4 469 470 524 509 
4 377 374 469 509 
4 376 371 373 375 
8 430 431 432 433 434 435 436 437 
5 439 444 447 341 343 
4 533 475 474 532 
4 504 476 475 533 
4 503 477 476 504 
4 502 478 477 503 
4 501 479 478 502 
4 538 480 479 501 
4 539 481 480 538 
4 540 482 481 539 
9 474 475 476 477 478 479 480 481 482 
4 496 484 483 545 
4 497 485 484 496 
4 495 486 485 497 
4 500 487 486 495 
4 498 488 487 500 
4 499 489 488 498 
4 552 490 489 499 
4 492 491 490 552 
9 483 484 485 486 487 488 489 490 491 
3 548 562 550 
3 550 562 494 
3 494 562 574 
3 494 574 575 
3 572 553 578 
3 553 551 578 
3 551 577 578 
3 531 555 534 
3 534 555 535 
3 535 555 508 
3 555 557 508 
3 537 536 559 
3 535 508 536 
3 536 508 559 
3 539 538 542 
3 542 538 602 
3 538 537 602 
4 578 579 573 572 
5 572 573 359 360 552 
4 552 360 361 492 
3 370 377 509 
3 570 569 567 
4 406 402 522 523 
4 394 576 518 393 
5 396 381 509 524 583 
4 8 600 589 9 
3 8 590 600 
4 8 7 493 590 
3 546 545 547 
4 536 537 501 502 
4 539 542 541 540 
3 549 496 545 
4 550 497 496 549 
4 551 500 495 494 
4 553 572 499 498 
4 553 498 500 551 
6 379 505 506 368 369 378 
3 572 552 499 
3 390 392 574 
4 260 372 601 18 
4 494 495 497 550 
4 372 368 506 601 
4 379 387 562 505 
4 387 390 574 562 
3 534 504 533 
4 535 503 504 534 
4 536 502 503 535 
3 537 538 501 
4 395 396 583 585 
4 406 523 585 405 
4 470 469 110 14 
4 471 470 14 13 
4 472 471 13 12 
4 216 408 472 12 
4 374 259 110 469 
5 381 378 369 370 509 
5 523 576 394 395 585 
4 523 522 588 576 
4 410 411 412 413 
4 576 577 575 518 
4 393 518 574 392 
5 403 589 584 522 402 
4 588 578 577 576 
4 589 600 590 584 
4 590 578 588 584 
4 590 493 579 578 
4 403 229 9 589 
4 7 6 591 493 
4 493 591 580 579 
3 518 575 574 
3 522 584 588 
4 548 549 545 546 
3 550 549 548 
4 577 551 494 575 
3 580 573 579 
4 542 546 547 541 
3 544 543 563 
4 548 546 542 602 
3 562 543 505 
5 562 548 602 563 543 
3 505 543 544 
4 555 531 465 466 
4 563 602 537 559 
3 465 531 528 
4 534 533 528 531 
4 556 555 466 467 
4 558 557 555 556 
5 560 559 508 557 558 
3 561 544 563 
4 561 563 559 560 
5 50 567 558 556 19 
5 568 561 560 569 513 
4 569 560 558 567 
3 570 513 569 
4 24 570 567 50 
4 19 556 467 23 
5 18 601 561 568 17 
4 17 568 513 105 
3 601 544 561 
3 601 506 544 
3 506 505 544 
4 184 439 343 299 
4 517 525 22 514 
5 528 340 341 447 448 
4 528 520 525 517 
4 448 450 451 528 
4 533 532 520 528 
4 373 261 258 375 
5 227 404 407 409 218 
4 383 400 391 389 
4 46 104 604 603 
4 104 105 605 604 
4 105 513 606 605 
4 513 570 607 606 
4 570 24 608 607 
4 24 46 603 608 
4 606 607 610 609 
4 607 608 611 610 
4 608 603 612 611 
4 603 604 613 612 
4 604 605 614 613 
4 605 606 609 614 
4 623 624 625 615 
4 615 625 626 616 
4 616 626 627 617 
4 617 627 628 618 
4 618 628 629 619 
4 619 629 630 622 
4 622 630 631 621 
4 621 631 632 620 
4 624 633 634 625 
4 625 634 635 626 
4 626 635 636 627 
4 627 636 637 628 
4 628 637 638 629 
4 629 638 639 630 
4 630 639 640 631 
4 631 640 641 632 
4 633 642 643 634 
4 634 643 644 635 
4 635 644 645 636 
4 636 645 646 637 
4 637 646 647 638 
4 638 647 648 639 
4 639 648 649 640 
4 640 649 650 641 
4 642 651 652 643 
4 643 652 653 644 
4 644 653 654 645 
4 645 654 655 646 
4 646 655 656 647 
4 647 656 657 648 
4 648 657 658 649 
4 649 658 659 650 
4 651 660 661 652 
4 652 661 662 653 
4 653 662 663 654 
4 654 663 664 655 
4 655 664 665 656 
4 656 665 666 657 
4 657 666 667 658 
4 658 667 668 659 
4 660 669 670 661 
4 661 670 671 662 
4 662 671 672 663 
4 663 672 673 664 
4 664 673 674 665 
4 665 674 675 666 
4 666 675 676 667 
4 667 676 677 668 
4 669 678 679 670 
4 670 679 680 671 
4 671 680 681 672 
4 672 681 682 673 
4 673 682 683 674 
4 674 683 684 675 
4 675 684 685 676 
4 676 685 686 677 
4 678 687 688 679 
4 679 688 689 680 
4 680 689 690 681 
4 681 690 691 682 
4 682 691 692 683 
4 683 692 693 684 
4 684 693 694 685 
4 685 694 695 686 
4 687 696 697 688 
4 688 697 698 689 
4 689 698 699 690 
4 690 699 700 691 
4 691 700 701 692 
4 692 701 702 693 
4 693 702 703 694 
4 694 703 704 695 
4 696 705 706 697 
4 697 706 707 698 
4 698 707 708 699 
4 699 708 709 700 
4 700 709 710 701 
4 701 710 711 702 
4 702 711 712 703 
4 703 712 713 704 
4 705 714 715 706 
4 706 715 716 707 
4 707 716 717 708 
4 708 717 718 709 
4 709 718 719 710 
4 710 719 720 711 
4 711 720 721 712 
4 712 721 722 713 
4 714 723 724 715 
4 715 724 725 716 
4 716 725 726 717 
4 717 726 727 718 
4 718 727 728 719 
4 719 728 729 720 
4 720 729 730 721 
4 721 730 731 722 
4 723 732 733 724 
4 724 733 734 725 
4 725 734 735 726 
4 726 735 736 727 
4 727 736 737 728 
4 728 737 738 729 
4 729 738 739 730 
4 730 739 740 731 
4 732 741 742 733 
4 733 742 743 734 
4 734 743 744 735 
4 735 744 745 736 
4 736 745 746 737 
4 737 746 747 738 
4 738 747 748 739 
4 739 748 749 740 
4 741 750 751 742 
4 742 751 752 743 
4 743 752 753 744 
4 744 753 754 745 
4 745 754 755 746 
4 746 755 756 747 
4 747 756 757 748 
4 748 757 758 749 
4 750 759 760 751 
4 751 760 761 752 
4 752 761 762 753 
4 753 762 763 754 
4 754 763 764 755 
4 755 764 765 756 
4 756 765 766 757 
4 757 766 767 758 
4 759 768 769 760 
4 760 769 770 761 
4 761 770 771 762 
4 762 771 772 763 
4 763 772 773 764 
4 764 773 774 765 
4 765 774 775 766 
4 766 775 776 767 
4 768 623 615 769 
4 769 615 616 770 
4 770 616 617 771 
4 771 617 618 772 
4 772 618 619 773 
4 773 619 622 774 
4 774 622 621 775 
4 775 621 620 776 
4 777 778 779 780 
4 782 781 779 780 
4 782 781 783 784 
4 784 783 785 786 
4 786 785 787 788 
4 788 787 789 790 
4 790 789 791 792 
4 792 791 793 794 
4 778 795 796 779 
4 781 797 796 779 
4 781 797 798 783 
4 783 798 799 785 
4 785 799 800 787 
4 787 800 801 789 
4 789 801 802 791 
4 791 802 803 793 
4 795 804 805 796 
4 797 806 805 796 
4 797 806 807 798 
4 798 807 808 799 
4 799 808 809 800 
4 800 809 810 801 
4 801 810 811 802 
4 802 811 812 803 
4 804 813 814 805 
4 806 815 814 805 
4 806 815 816 807 
4 807 816 817 808 
4 808 817 818 809 
4 809 818 819 810 
4 810 819 820 811 
4 811 820 821 812 
4 813 822 823 814 
4 815 824 823 814 
4 815 824 825 816 
4 816 825 826 817 
4 817 826 827 818 
4 818 827 828 819 
4 819 828 829 820 
4 820 829 830 821 
4 822 831 832 823 
4 824 833 832 823 
4 824 833 834 825 
4 825 834 835 826 
4 826 835 836 827 
4 827 836 837 828 
4 828 837 838 829 
4 829 838 839 830 
4 831 840 841 832 
4 833 842 841 832 
4 833 842 843 834 
4 834 843 844 835 
4 835 844 845 836 
4 836 845 846 837 
4 837 846 847 838 
4 838 847 848 839 
4 840 849 850 841 
4 842 851 850 841 
4 842 851 852 843 
4 843 852 853 844 
4 844 853 854 845 
4 845 854 855 846 
4 846 855 856 847 
4 847 856 857 848 
4 849 858 859 850 
4 851 860 859 850 
4 851 860 861 852 
4 852 861 862 853 
4 853 862 863 854 
4 854 863 864 855 
4 855 864 865 856 
4 856 865 866 857 
4 858 867 868 859 
4 860 869 868 859 
4 860 869 870 861 
4 861 870 871 862 
4 862 871 872 863 
4 863 872 873 864 
4 864 873 874 865 
4 865 874 875 866 
4 867 876 877 868 
4 869 878 877 868 
4 869 878 879 870 
4 870 879 880 871 
4 871 880 881 872 
4 872 881 882 873 
4 873 882 883 874 
4 874 883 884 875 
4 876 885 886 877 
4 878 887 886 877 
4 878 887 888 879 
4 879 888 889 880 
4 880 889 890 881 
4 881 890 891 882 
4 882 891 892 883 
4 883 892 893 884 
4 885 894 895 886 
4 887 896 895 886 
4 887 896 897 888 
4 888 897 898 889 
4 889 898 899 890 
4 890 899 900 891 
4 891 900 901 892 
4 892 901 902 893 
4 894 903 904 895 
4 896 905 904 895 
4 896 905 906 897 
4 897 906 907 898 
4 898 907 908 899 
4 899 908 909 900 
4 900 909 910 901 
4 901 910 911 902 
4 903 912 913 904 
4 905 914 913 904 
4 905 914 915 906 
4 906 915 916 907 
4 907 916 917 908 
4 908 917 918 909 
4 909 918 919 910 
4 910 919 920 911 
4 912 921 922 913 
4 914 923 922 913 
4 914 923 924 915 
4 915 924 925 916 
4 916 925 926 917 
4 917 926 927 918 
4 918 927 928 919 
4 919 928 929 920 
4 921 930 931 922 
4 923 932 931 922 
4 923 932 933 924 
4 924 933 934 925 
4 925 934 935 926 
4 926 935 936 927 
4 927 936 937 928 
4 928 937 938 929 
4 930 777 780 931 
4 932 782 780 931 
4 932 782 784 933 
4 933 784 786 934 
4 934 786 788 935 
4 935 788 790 936 
4 936 790 792 937 
4 937 792 794 938 
4 939 949 948 947 
4 940 950 949 939 
4 941 951 950 940 
4 942 952 951 941 
4 943 953 952 942 
4 946 954 953 943 
4 945 955 954 946 
4 944 956 955 945 
4 949 958 957 948 
4 950 959 958 949 
4 951 960 959 950 
4 952 961 960 951 
4 953 962 961 952 
4 954 963 962 953 
4 955 964 963 954 
4 956 965 964 955 
4 958 967 966 957 
4 959 968 967 958 
4 960 969 968 959 
4 961 970 969 960 
4 962 971 970 961 
4 963 972 971 962 
4 964 973 972 963 
4 965 974 973 964 
4 967 976 975 966 
4 968 977 976 967 
4 969 978 977 968 
4 970 979 978 969 
4 971 980 979 970 
4 972 981 980 971 
4 973 982 981 972 
4 974 983 982 973 
4 976 985 984 975 
4 977 986 985 976 
4 978 987 986 977 
4 979 988 987 978 
4 980 989 988 979 
4 981 990 989 980 
4 982 991 990 981 
4 983 992 991 982 
4 985 994 993 984 
4 986 995 994 985 
4 987 996 995 986 
4 988 997 996 987 
4 989 998 997 988 
4 990 999 998 989 
4 991 1000 999 990 
4 992 1001 1000 991 
4 994 1003 1002 993 
4 995 1004 1003 994 
4 996 1005 1004 995 
4 997 1006 1005 996 
4 998 1007 1006 997 
4 999 1008 1007 998 
4 1000 1009 1008 999 
4 1001 1010 1009 1000 
4 1003 1012 1011 1002 
4 1004 1013 1012 1003 
4 1005 1014 1013 1004 
4 1006 1015 1014 1005 
4 1007 1016 1015 1006 
4 1008 1017 1016 1007 
4 1009 1018 1017 1008 
4 1010 1019 1018 1009 
4 1012 1021 1020 1011 
4 1013 1022 1021 1012 
4 1014 1023 1022 1013 
4 1015 1024 1023 1014 
4 1016 1025 1024 1015 
4 1017 1026 1025 1016 
4 1018 1027 1026 1017 
4 1019 1028 1027 1018 
4 1021 1030 1029 1020 
4 1022 1031 1030 1021 
4 1023 1032 1031 1022 
4 1024 1033 1032 1023 
4 1025 1034 1033 1024 
4 1026 1035 1034 1025 
4 1027 1036 1035 1026 
4 1028 1037 1036 1027 
4 1030 1039 1038 1029 
4 1031 1040 1039 1030 
4 1032 1041 1040 1031 
4 1033 1042 1041 1032 
4 1034 1043 1042 1033 
4 1035 1044 1043 1034 
4 1036 1045 1044 1035 
4 1037 1046 1045 1036 
4 1039 1048 1047 1038 
4 1040 1049 1048 1039 
4 1041 1050 1049 1040 
4 1042 1051 1050 1041 
4 1043 1052 1051 1042 
4 1044 1053 1052 1043 
4 1045 1054 1053 1044 
4 1046 1055 1054 1045 
4 1048 1057 1056 1047 
4 1049 1058 1057 1048 
4 1050 1059 1058 1049 
4 1051 1060 1059 1050 
4 1052 1061 1060 1051 
4 1053 1062 1061 1052 
4 1054 1063 1062 1053 
4 1055 1064 1063 1054 
4 1057 1066 1065 1056 
4 1058 1067 1066 1057 
4 1059 1068 1067 1058 
4 1060 1069 1068 1059 
4 1061 1070 1069 1060 
4 1062 1071 1070 1061 
4 1063 1072 1071 1062 
4 1064 1073 1072 1063 
4 1066 1075 1074 1065 
4 1067 1076 1075 1066 
4 1068 1077 1076 1067 
4 1069 1078 1077 1068 
4 1070 1079 1078 1069 
4 1071 1080 1079 1070 
4 1072 1081 1080 1071 
4 1073 1082 1081 1072 
4 1075 1084 1083 1074 
4 1076 1085 1084 1075 
4 1077 1086 1085 1076 
4 1078 1087 1086 1077 
4 1079 1088 1087 1078 
4 1080 1089 1088 1079 
4 1081 1090 1089 1080 
4 1082 1091 1090 1081 
4 1084 1093 1092 1083 
4 1085 1094 1093 1084 
4 1086 1095 1094 1085 
4 1087 1096 1095 1086 
4 1088 1097 1096 1087 
4 1089 1098 1097 1088 
4 1090 1099 1098 1089 
4 1091 1100 1099 1090 
4 1093 939 947 1092 
4 1094 940 939 1093 
4 1095 941 940 1094 
4 1096 942 941 1095 
4 1097 943 942 1096 
4 1098 946 943 1097 
4 1099 945 946 1098 
4 1100 944 945 1099 
4 1104 1103 1102 1101 
4 1104 1103 1105 1106 
4 1108 1107 1105 1106 
4 1110 1109 1107 1108 
4 1112 1111 1109 1110 
4 1114 1113 1111 1112 
4 1116 1115 1113 1114 
4 1118 1117 1115 1116 
4 1103 1120 1119 1102 
4 1103 1120 1121 1105 
4 1107 1122 1121 1105 
4 1109 1123 1122 1107 
4 1111 1124 1123 1109 
4 1113 1125 1124 1111 
4 1115 1126 1125 1113 
4 1117 1127 1126 1115 
4 1120 1129 1128 1119 
4 1120 1129 1130 1121 
4 1122 1131 1130 1121 
4 1123 1132 1131 1122 
4 1124 1133 1132 1123 
4 1125 1134 1133 1124 
4 1126 1135 1134 1125 
4 1127 1136 1135 1126 
4 1129 1138 1137 1128 
4 1129 1138 1139 1130 
4 1131 1140 1139 1130 
4 1132 1141 1140 1131 
4 1133 1142 1141 1132 
4 1134 1143 1142 1133 
4 1135 1144 1143 1134 
4 1136 1145 1144 1135 
4 1138 1147 1146 1137 
4 1138 1147 1148 1139 
4 1140 1149 1148 1139 
4 1141 1150 1149 1140 
4 1142 1151 1150 1141 
4 1143 1152 1151 1142 
4 1144 1153 1152 1143 
4 1145 1154 1153 1144 
4 1147 1156 1155 1146 
4 1147 1156 1157 1148 
4 1149 1158 1157 1148 
4 1150 1159 1158 1149 
4 1151 1160 1159 1150 
4 1152 1161 1160 1151 
4 1153 1162 1161 1152 
4 1154 1163 1162 1153 
4 1156 1165 1164 1155 
4 1156 1165 1166 1157 
4 1158 1167 1166 1157 
4 1159 1168 1167 1158 
4 1160 1169 1168 1159 
4 1161 1170 1169 1160 
4 1162 1171 1170 1161 
4 1163 1172 1171 1162 
4 1165 1174 1173 1164 
4 1165 1174 1175 1166 
4 1167 1176 1175 1166 
4 1168 1177 1176 1167 
4 1169 1178 1177 1168 
4 1170 1179 1178 1169 
4 1171 1180 1179 1170 
4 1172 1181 1180 1171 
4 1174 1183 1182 1173 
4 1174 1183 1184 1175 
4 1176 1185 1184 1175 
4 1177 1186 1185 1176 
4 1178 1187 1186 1177 
4 1179 1188 1187 1178 
4 1180 1189 1188 1179 
4 1181 1190 1189 1180 
4 1183 1192 1191 1182 
4 1183 1192 1193 1184 
4 1185 1194 1193 1184 
4 1186 1195 1194 1185 
4 1187 1196 1195 1186 
4 1188 1197 1196 1187 
4 1189 1198 1197 1188 
4 1190 1199 1198 1189 
4 1192 1201 1200 1191 
4 1192 1201 1202 1193 
4 1194 1203 1202 1193 
4 1195 1204 1203 1194 
4 1196 1205 1204 1195 
4 1197 1206 1205 1196 
4 1198 1207 1206 1197 
4 1199 1208 1207 1198 
4 1201 1210 1209 1200 
4 1201 1210 1211 1202 
4 1203 1212 1211 1202 
4 1204 1213 1212 1203 
4 1205 1214 1213 1204 
4 1206 1215 1214 1205 
4 1207 1216 1215 1206 
4 1208 1217 1216 1207 
4 1210 1219 1218 1209 
4 1210 1219 1220 1211 
4 1212 1221 1220 1211 
4 1213 1222 1221 1212 
4 1214 1223 1222 1213 
4 1215 1224 1223 1214 
4 1216 1225 1224 1215 
4 1217 1226 1225 1216 
4 1219 1228 1227 1218 
4 1219 1228 1229 1220 
4 1221 1230 1229 1220 
4 1222 1231 1230 1221 
4 1223 1232 1231 1222 
4 1224 1233 1232 1223 
4 1225 1234 1233 1224 
4 1226 1235 1234 1225 
4 1228 1237 1236 1227 
4 1228 1237 1238 1229 
4 1230 1239 1238 1229 
4 1231 1240 1239 1230 
4 1232 1241 1240 1231 
4 1233 1242 1241 1232 
4 1234 1243 1242 1233 
4 1235 1244 1243 1234 
4 1237 1246 1245 1236 
4 1237 1246 1247 1238 
4 1239 1248 1247 1238 
4 1240 1249 1248 1239 
4 1241 1250 1249 1240 
4 1242 1251 1250 1241 
4 1243 1252 1251 1242 
4 1244 1253 1252 1243 
4 1246 1255 1254 1245 
4 1246 1255 1256 1247 
4 1248 1257 1256 1247 
4 1249 1258 1257 1248 
4 1250 1259 1258 1249 
4 1251 1260 1259 1250 
4 1252 1261 1260 1251 
4 1253 1262 1261 1252 
4 1255 1104 1101 1254 
4 1255 1104 1106 1256 
4 1257 1108 1106 1256 
4 1258 1110 1108 1257 
4 1259 1112 1110 1258 
4 1260 1114 1112 1259 
4 1261 1116 1114 1260 
4 1262 1118 1116 1261 
