 data    199    352
 0.7623224   0.011903182   0.11084631
 -0.8095556   0.055653185   0.11334131
 -0.7220556   0.055653185   0.11320331
 -0.72478557   0.011903182   0.11320731
 -0.8095556   0.011903182   0.11334131
 -0.8093686   0.011903182   0.2309163
 -0.7245986   0.011903182   0.23078232
 -0.7218696   0.055653185   0.23077731
 -0.8093686   0.055653185   0.2309163
 -0.8074066   0.011903182   -0.25580668
 -0.8074066   0.055653185   -0.25580668
 -0.7226416   0.055653185   -0.2559417
 -0.7226416   0.011903182   -0.2559417
 -0.8072156   0.011903182   -0.13549268
 -0.7224506   0.011903182   -0.13562669
 -0.7224506   0.055653185   -0.13562669
 -0.8072156   0.055653185   -0.13549268
 -0.81475556   -0.05645681   0.28014532
 -0.81476057   -0.0017718077   0.27741033
 -0.81566256   -0.0017718077   -0.29133868
 -0.81566256   -0.05645681   -0.29133868
 -0.7217906   -0.05645681   0.27999732
 -0.7199626   -0.05645681   -0.29149067
 -0.7199626   -0.0017718077   -0.29149067
 -0.7217906   -0.0017718077   0.27999732
 0.62899244   -0.04552181   0.27785334
 0.62898743   0.009168193   0.27511832
 0.62808543   0.009168193   -0.29363066
 0.62808543   -0.04552181   -0.29363066
 0.7219624   -0.04552181   0.27770633
 0.7237854   -0.04552181   -0.29378268
 0.7237854   0.009168193   -0.29378268
 0.7219624   0.009168193   0.27770633
 0.6206054   0.02557318   0.16302131
 0.6206054   0.09393318   0.16302131
 0.7053704   0.09393318   0.16288732
 0.7026354   0.02557318   0.16289131
 0.6207264   0.02557318   0.23958631
 0.7027564   0.02557318   0.23945631
 0.7054914   0.09393318   0.23945232
 0.6207264   0.09393318   0.23958631
 0.62265843   0.02283819   -0.2662767
 0.62265843   0.09393318   -0.2662767
 0.7074234   0.09393318   -0.26641166
 0.70468843   0.02283819   -0.26640767
 0.62278044   0.02283819   -0.18971768
 0.70481044   0.02283819   -0.1898477
 0.7075454   0.09393318   -0.18985169
 0.62278044   0.09393318   -0.18971768
 -0.3827136   0.017368183   0.28766432
 -0.34719458   -0.09200682   0.27119833
 0.33913442   -0.09200682   0.27010834
 -0.7846936   -0.03184682   0.27189234
 -0.6179206   -0.08927181   0.25522232
 -0.5221686   0.014633179   0.28788534
 -0.8038386   0.07752819   0.2691883
 -0.45380858   0.14588319   0.28777733
 0.41299042   0.04197818   0.28639632
 0.5661114   0.04197818   0.28342333
 0.6016084   -0.07833181   0.25328732
 0.6781814   -0.05645681   0.25863534
 0.69185144   0.110338196   0.25861332
 0.28994042   0.13221319   0.28659633
 0.1913974   0.2744032   0.21839331
 0.1723004   0.26072818   0.24576332
 0.0136669   0.29354316   0.22141032
 -0.2816566   0.26619816   0.21640931
 -0.2050346   0.24158819   0.25183234
 -0.26241258   0.14588319   0.2820033
 -0.30342758   0.1021332   0.28206834
 -0.016313188   0.080258176   0.28434733
 0.67732644   -0.05645681   -0.28003868
 0.6007754   -0.07833181   -0.27171266
 0.5624384   0.04197818   -0.30719668
 0.6909964   0.110338196   -0.28006068
 0.41204843   0.04197818   -0.30695766
 0.33824942   -0.09200682   -0.28770068
 -0.3480796   -0.09200682   -0.28661168
 -0.38365057   0.017368183   -0.30295968
 -0.5231056   0.014633179   -0.30273867
 -0.61874956   -0.08927181   -0.26704168
 -0.7828396   -0.03184682   -0.28318566
 -0.80471456   0.07752819   -0.2831517
 -0.4547456   0.14588319   -0.30284667
 -0.01725071   0.080258176   -0.30627668
 -0.2823946   0.26619816   -0.24843569
 -0.2058686   0.24158819   -0.2731667
 0.012916101   0.29354316   -0.2516397
 0.1906594   0.2744032   -0.24645169
 0.1714804   0.26072818   -0.27103066
 0.23704939   0.13221319   -0.30667967
 0.2890034   0.13221319   -0.30403268
 -0.3043606   0.1021332   -0.30582067
 0.2379824   0.13221319   0.28120932
 -0.054593097   0.12127818   0.28440833
 -0.2633456   0.14588319   -0.30588567
 -0.055530697   0.12127818   -0.30621567
 0.005488001   0.26893318   0.23782831
 0.0046850014   0.2716682   -0.2680317
 0.4130584   -0.14825681   -0.16242969
 0.44313842   -0.10450681   -0.16247669
 0.36656943   -0.079896815   -0.16509068
 0.41579342   -0.07169181   -0.16243368
 0.4129104   -0.14825681   -0.25539967
 0.36642542   -0.079896815   -0.25532568
 0.3829734   -0.0033318102   -0.16511668
 0.42672843   -0.027941808   -0.16245069
 0.3828304   -0.0033318102   -0.2553517
 0.4513334   0.04588318   -0.16522469
 0.4650134   0.0021331906   -0.16251169
 0.44845542   0.04315318   -0.25545567
 0.5306384   0.03221318   -0.16261569
 0.5060284   -0.006066814   -0.16257669
 0.52775544   0.029478192   -0.25558168
 0.5771184   -0.033411816   -0.16268969
 0.5361034   -0.04434681   -0.16262469
 0.57424444   -0.03614682   -0.2529207
 0.5607134   -0.115441814   -0.16266368
 0.5251684   -0.08809681   -0.16260768
 0.5578344   -0.115441814   -0.25289467
 0.49235344   -0.16192682   -0.1625557
 0.4868884   -0.11270682   -0.1625467
 0.49220943   -0.16192682   -0.25278968
 0.47598243   -0.055286817   -0.14065368
 0.41369343   -0.14825681   0.23757032
 0.44377342   -0.10450681   0.23752232
 0.3672034   -0.079896815   0.23490931
 0.41642842   -0.07169181   0.2375663
 0.4135454   -0.14825681   0.14460032
 0.36706042   -0.079896815   0.14467432
 0.3836084   -0.0033318102   0.23488331
 0.42736343   -0.027941808   0.2375483
 0.3834654   -0.0033318102   0.14464831
 0.4519684   0.04588318   0.2347743
 0.4656484   0.0021331906   0.23748732
 0.44909042   0.04315318   0.14454432
 0.5312734   0.03221318   0.2373833
 0.50666344   -0.006066814   0.23742232
 0.5283904   0.029478192   0.14441831
 0.5777524   -0.033411816   0.2373093
 0.5367384   -0.04434681   0.23737532
 0.5748794   -0.03614682   0.14707932
 0.56134844   -0.115441814   0.23733531
 0.5258034   -0.08809681   0.2373923
 0.5584694   -0.115441814   0.1471053
 0.4929884   -0.16192682   0.23744431
 0.48752344   -0.11270682   0.23745331
 0.4928444   -0.16192682   0.14720932
 0.4766174   -0.055286817   0.25934532
 -0.46694058   -0.14825681   -0.16103269
 -0.4368656   -0.10450681   -0.16108069
 -0.5134296   -0.079896815   -0.16369368
 -0.4642056   -0.07169181   -0.16103669
 -0.46708858   -0.14825681   -0.2540027
 -0.5135736   -0.079896815   -0.2539287
 -0.4970246   -0.0033318102   -0.16371968
 -0.45327058   -0.027941808   -0.16105369
 -0.49716857   -0.0033318102   -0.25395468
 -0.4286646   0.04588318   -0.16382869
 -0.41499057   0.0021331906   -0.1611147
 -0.4315436   0.04315318   -0.2540587
 -0.3493656   0.03221318   -0.16121869
 -0.3739706   -0.006066814   -0.16117969
 -0.35224357   0.029478192   -0.2541847
 -0.3028806   -0.033411816   -0.16129269
 -0.34389558   -0.04434681   -0.16122769
 -0.30575958   -0.03614682   -0.25152367
 -0.31928557   -0.115441814   -0.16126668
 -0.3548306   -0.08809681   -0.16121069
 -0.3221646   -0.115441814   -0.2514977
 -0.38764557   -0.16192682   -0.16115868
 -0.39311558   -0.11270682   -0.16114968
 -0.3877886   -0.16192682   -0.25139368
 -0.40401557   -0.055286817   -0.13925768
 -0.46630558   -0.14825681   0.23896731
 -0.4362306   -0.10450681   0.23891932
 -0.5127946   -0.079896815   0.23630531
 -0.4635706   -0.07169181   0.23896231
 -0.46645358   -0.14825681   0.14599732
 -0.5129386   -0.079896815   0.14607131
 -0.4963896   -0.0033318102   0.23627931
 -0.4526356   -0.027941808   0.2389453
 -0.49653357   -0.0033318102   0.14604531
 -0.42803058   0.04588318   0.2361713
 -0.41435558   0.0021331906   0.23888431
 -0.4309086   0.04315318   0.14594032
 -0.3487306   0.03221318   0.23878032
 -0.3733356   -0.006066814   0.23881932
 -0.35160857   0.029478192   0.14581531
 -0.3022456   -0.033411816   0.2387063
 -0.3432606   -0.04434681   0.23877132
 -0.30512458   -0.03614682   0.14847632
 -0.31865057   -0.115441814   0.23873231
 -0.3541956   -0.08809681   0.2387893
 -0.3215296   -0.115441814   0.1485023
 -0.38701057   -0.16192682   0.23884131
 -0.39248058   -0.11270682   0.23885031
 -0.38715458   -0.16192682   0.14860632
 -0.4033816   -0.055286817   0.26074234
   3   1   3   2
   3   3   5   4
   3   6   8   7
   3   8   6   9
   3   8   2   3
   3   2   8   9
   3   9   5   2
   3   5   9   6
   3   6   4   5
   3   4   6   7
   3   7   3   4
   3   3   7   8
   3   10   12   11
   3   12   10   13
   3   14   16   15
   3   16   14   17
   3   16   11   12
   3   11   16   17
   3   17   10   11
   3   10   17   14
   3   14   13   10
   3   13   14   15
   3   15   12   13
   3   12   15   16
   3   18   20   19
   3   20   18   21
   3   22   24   23
   3   24   22   25
   3   24   19   20
   3   19   24   25
   3   25   18   19
   3   18   25   22
   3   22   21   18
   3   21   22   23
   3   23   20   21
   3   20   23   24
   3   26   28   27
   3   28   26   29
   3   30   32   31
   3   32   30   33
   3   32   27   28
   3   27   32   33
   3   33   26   27
   3   26   33   30
   3   30   29   26
   3   29   30   31
   3   31   28   29
   3   28   31   32
   3   34   36   35
   3   36   34   37
   3   38   40   39
   3   40   38   41
   3   40   35   36
   3   35   40   41
   3   41   34   35
   3   34   41   38
   3   38   37   34
   3   37   38   39
   3   39   36   37
   3   36   39   40
   3   42   44   43
   3   44   42   45
   3   46   48   47
   3   48   46   49
   3   48   43   44
   3   43   48   49
   3   49   42   43
   3   42   49   46
   3   46   45   42
   3   45   46   47
   3   47   44   45
   3   44   47   48
   3   50   52   51
   3   53   55   54
   3   56   55   53
   3   57   55   56
   3   57   50   55
   3   50   58   52
   3   59   61   60
   3   59   62   61
   3   63   65   64
   3   66   68   67
   3   69   71   70
   3   71   58   50
   3   58   62   59
   3   63   62   58
   3   72   74   73
   3   75   74   72
   3   75   76   74
   3   77   79   78
   3   76   79   77
   3   80   82   81
   3   80   83   82
   3   80   84   83
   3   79   84   80
   3   76   85   79
   3   84   87   86
   3   88   90   89
   3   85   92   91
   3   76   75   92
   3   75   63   92
   3   62   63   75
   3   89   66   88
   3   64   66   89
   3   88   67   86
   3   66   67   88
   3   84   56   83
   3   57   56   84
   3   83   53   82
   3   56   53   83
   3   82   54   81
   3   53   54   82
   3   81   55   80
   3   54   55   81
   3   80   50   79
   3   55   50   80
   3   79   51   78
   3   50   51   79
   3   78   52   77
   3   51   52   78
   3   77   58   76
   3   52   58   77
   3   76   59   74
   3   58   59   76
   3   74   60   73
   3   59   60   74
   3   73   61   72
   3   60   61   73
   3   72   62   75
   3   61   62   72
   3   63   58   71
   3   70   50   57
   3   76   92   85
   3   85   93   79
   3   94   71   95
   3   85   97   96
   3   98   68   66
   3   68   57   67
   3   84   96   87
   3   87   88   86
   3   99   90   88
   3   90   92   89
   3   65   66   64
   3   65   98   66
   3   87   99   88
   3   69   57   68
   3   95   71   69
   3   93   96   84
   3   85   96   93
   3   93   84   79
   3   71   50   70
   3   69   70   57
   3   85   91   97
   3   63   71   94
   3   91   92   90
   3   63   94   65
   3   65   95   98
   3   94   95   65
   3   95   68   98
   3   95   69   68
   3   96   97   87
   3   87   97   99
   3   97   90   99
   3   97   91   90
   3   92   64   89
   3   63   64   92
   3   67   57   86
   3   86   57   84
   3   100   102   101
   3   103   101   102
   3   104   105   100
   3   102   100   105
   3   102   106   103
   3   107   103   106
   3   105   108   102
   3   106   102   108
   3   106   109   107
   3   110   107   109
   3   108   111   106
   3   109   106   111
   3   109   112   110
   3   113   110   112
   3   111   114   109
   3   112   109   114
   3   112   115   113
   3   116   113   115
   3   117   115   114
   3   115   112   114
   3   115   118   116
   3   119   116   118
   3   117   120   115
   3   118   115   120
   3   118   121   119
   3   122   119   121
   3   120   123   118
   3   121   118   123
   3   121   100   122
   3   101   122   100
   3   123   104   121
   3   100   121   104
   3   123   120   104
   3   117   114   120
   3   111   108   114
   3   105   104   108
   3   120   114   104
   3   108   104   114
   3   103   107   124
   3   107   110   124
   3   110   113   124
   3   119   122   124
   3   122   101   124
   3   101   103   124
   3   113   116   124
   3   116   119   124
   3   125   127   126
   3   128   126   127
   3   129   130   125
   3   127   125   130
   3   127   131   128
   3   132   128   131
   3   130   133   127
   3   131   127   133
   3   131   134   132
   3   135   132   134
   3   133   136   131
   3   134   131   136
   3   134   137   135
   3   138   135   137
   3   136   139   134
   3   137   134   139
   3   137   140   138
   3   141   138   140
   3   142   140   139
   3   140   137   139
   3   140   143   141
   3   144   141   143
   3   142   145   140
   3   143   140   145
   3   143   146   144
   3   147   144   146
   3   145   148   143
   3   146   143   148
   3   146   125   147
   3   126   147   125
   3   148   129   146
   3   125   146   129
   3   148   145   129
   3   142   139   145
   3   136   133   139
   3   130   129   133
   3   145   139   129
   3   133   129   139
   3   128   132   149
   3   132   135   149
   3   135   138   149
   3   144   147   149
   3   147   126   149
   3   126   128   149
   3   138   141   149
   3   141   144   149
   3   150   152   151
   3   153   151   152
   3   154   155   150
   3   152   150   155
   3   152   156   153
   3   157   153   156
   3   155   158   152
   3   156   152   158
   3   156   159   157
   3   160   157   159
   3   158   161   156
   3   159   156   161
   3   159   162   160
   3   163   160   162
   3   161   164   159
   3   162   159   164
   3   162   165   163
   3   166   163   165
   3   167   165   164
   3   165   162   164
   3   165   168   166
   3   169   166   168
   3   167   170   165
   3   168   165   170
   3   168   171   169
   3   172   169   171
   3   170   173   168
   3   171   168   173
   3   171   150   172
   3   151   172   150
   3   173   154   171
   3   150   171   154
   3   173   170   154
   3   167   164   170
   3   161   158   164
   3   155   154   158
   3   170   164   154
   3   158   154   164
   3   153   157   174
   3   157   160   174
   3   160   163   174
   3   169   172   174
   3   172   151   174
   3   151   153   174
   3   163   166   174
   3   166   169   174
   3   175   177   176
   3   178   176   177
   3   179   180   175
   3   177   175   180
   3   177   181   178
   3   182   178   181
   3   180   183   177
   3   181   177   183
   3   181   184   182
   3   185   182   184
   3   183   186   181
   3   184   181   186
   3   184   187   185
   3   188   185   187
   3   186   189   184
   3   187   184   189
   3   187   190   188
   3   191   188   190
   3   192   190   189
   3   190   187   189
   3   190   193   191
   3   194   191   193
   3   192   195   190
   3   193   190   195
   3   193   196   194
   3   197   194   196
   3   195   198   193
   3   196   193   198
   3   196   175   197
   3   176   197   175
   3   198   179   196
   3   175   196   179
   3   198   195   179
   3   192   189   195
   3   186   183   189
   3   180   179   183
   3   195   189   179
   3   183   179   189
   3   178   182   199
   3   182   185   199
   3   185   188   199
   3   194   197   199
   3   197   176   199
   3   176   178   199
   3   188   191   199
   3   191   194   199