 data    168    153
 -0.0057546007   0.6208449   -0.0057167644
 0.1639872   0.61920696   0.16295408
 0.162549   0.5897536   0.16151404
 0.12802501   0.5881174   0.12721503
 0.1409724   0.55702597   0.14008148
 0.1395342   0.5406622   0.1386523
 0.11795582   0.53411746   0.11720888
 -0.0014382002   0.53411746   -0.0014291991
 0.005724   0.6208449   -0.0057600015
 -0.16314122   0.61920696   0.16417801
 -0.1617102   0.5897536   0.162738
 -0.12736441   0.5881174   0.12817441
 -0.1402452   0.55702597   0.14113806
 -0.13881421   0.5406622   0.13969803
 -0.11734739   0.53411746   0.11809262
 0.0014310001   0.53411746   -0.001439928
 0.0057546   0.6208449   0.005716849
 -0.1639872   0.61920696   -0.16295034
 -0.162549   0.5897536   -0.16152115
 -0.12802501   0.5881174   -0.12721494
 -0.1409724   0.55702597   -0.14008139
 -0.1395342   0.5406622   -0.1386522
 -0.117955804   0.53411746   -0.11720881
 0.0014381999   0.53411746   0.0014292848
 -0.0057240003   0.6208449   0.0057600867
 0.16314122   0.61920696   -0.16417976
 0.1617102   0.5897536   -0.16273972
 0.12736441   0.5881174   -0.12817442
 0.1402452   0.55702597   -0.14113797
 0.13881421   0.5406622   -0.13969794
 0.117347404   0.53411746   -0.118092544
 -0.0014310002   0.53411746   0.0014400136
 -3.5180303e-11   0.5357536   -1.07958185e-8
 0.12043622   0.529207   -1.07958185e-8
 0.11258282   0.48175365   -1.07958185e-8
 0.08640002   0.475207   -1.07958185e-8
 0.089017205   0.38848126   -1.07958185e-8
 0.09818281   0.2117536   -1.07958185e-8
 0.10603621   -0.02715497   -1.07958185e-8
 0.11520001   -0.2578826   -1.07958185e-8
 0.11650861   -0.5017017   -1.07958185e-8
 0.11520001   -0.6964293   -1.07958185e-8
 0.10996381   -0.7782466   -1.07958185e-8
 -3.5180303e-11   -0.77170175   -1.07958185e-8
 -3.5180303e-11   0.5357536   -1.07958185e-8
 0.09743401   0.529207   0.07079046
 0.09108002   0.48175365   0.06617341
 0.06989941   0.475207   0.050785262
 0.07201621   0.38848126   0.052324206
 0.07943041   0.2117536   0.057709865
 0.08578441   -0.02715497   0.062326808
 0.09319861   -0.2578826   0.06771246
 0.09425701   -0.5017017   0.068482794
 0.09319861   -0.6964293   0.06771246
 0.08896322   -0.7782466   0.06463629
 -3.5180303e-11   -0.77170175   -1.07958185e-8
 -3.5180303e-11   0.5357536   -1.07958185e-8
 0.037216805   0.529207   0.11454126
 0.034790408   0.48175365   0.107071206
 0.0266994   0.475207   0.08217183
 0.027507601   0.38848126   0.08466124
 0.030340804   0.2117536   0.09337681
 0.032767206   -0.02715497   0.10084687
 0.035598606   -0.2578826   0.10956244
 0.036003605   -0.5017017   0.110806234
 0.035598606   -0.6964293   0.10956244
 0.033980407   -0.7782466   0.1045819
 -3.5180303e-11   -0.77170175   -1.07958185e-8
 -3.5180303e-11   0.5357536   -1.07958185e-8
 -0.037216797   0.529207   0.11454126
 -0.0347904   0.48175365   0.107071206
 -0.026699401   0.475207   0.08217183
 -0.027507605   0.38848126   0.08466124
 -0.030340796   0.2117536   0.09337681
 -0.0327672   -0.02715497   0.10084687
 -0.0355986   -0.2578826   0.10956244
 -0.036003597   -0.5017017   0.110806234
 -0.0355986   -0.6964293   0.10956244
 -0.0339804   -0.7782466   0.1045819
 -3.5180303e-11   -0.77170175   -1.07958185e-8
 -3.5180303e-11   0.5357536   -1.07958185e-8
 -0.09743399   0.529207   0.07079046
 -0.09108   0.48175365   0.06617341
 -0.069899395   0.475207   0.050785262
 -0.072016194   0.38848126   0.052324206
 -0.079430394   0.2117536   0.057709865
 -0.0857844   -0.02715497   0.062326808
 -0.0931986   -0.2578826   0.06771246
 -0.094257   -0.5017017   0.068482794
 -0.0931986   -0.6964293   0.06771246
 -0.0889632   -0.7782466   0.06463629
 -3.5180303e-11   -0.77170175   -1.07958185e-8
 -3.5180303e-11   0.5357536   -1.07958185e-8
 -0.12043621   0.529207   -1.07958185e-8
 -0.1125828   0.48175365   -1.07958185e-8
 -0.0864   0.475207   -1.07958185e-8
 -0.08901719   0.38848126   -1.07958185e-8
 -0.0981828   0.2117536   -1.07958185e-8
 -0.10603619   -0.02715497   -1.07958185e-8
 -0.1152   -0.2578826   -1.07958185e-8
 -0.116508596   -0.5017017   -1.07958185e-8
 -0.1152   -0.6964293   -1.07958185e-8
 -0.1099638   -0.7782466   -1.07958185e-8
 -3.5180303e-11   -0.77170175   -1.07958185e-8
 -3.5180303e-11   0.5357536   -1.07958185e-8
 -0.09743399   0.529207   -0.07079038
 -0.09108   0.48175365   -0.06617333
 -0.069899395   0.475207   -0.050785176
 -0.072016194   0.38848126   -0.05232412
 -0.079430394   0.2117536   -0.057709776
 -0.0857844   -0.02715497   -0.062326714
 -0.0931986   -0.2578826   -0.06771238
 -0.094257   -0.5017017   -0.06848271
 -0.0931986   -0.6964293   -0.06771238
 -0.0889632   -0.7782466   -0.06463621
 -3.5180303e-11   -0.77170175   -1.07958185e-8
 -3.5180303e-11   0.5357536   -1.07958185e-8
 -0.037216797   0.529207   -0.11454119
 -0.0347904   0.48175365   -0.10707112
 -0.026699401   0.475207   -0.08217174
 -0.027507605   0.38848126   -0.08466115
 -0.030340796   0.2117536   -0.09337672
 -0.0327672   -0.02715497   -0.10084678
 -0.0355986   -0.2578826   -0.10956235
 -0.036003597   -0.5017017   -0.110806145
 -0.0355986   -0.6964293   -0.10956235
 -0.0339804   -0.7782466   -0.10458181
 -3.5180303e-11   -0.77170175   -1.07958185e-8
 -3.5180303e-11   0.5357536   -1.07958185e-8
 0.037216805   0.529207   -0.11454119
 0.034790408   0.48175365   -0.10707112
 0.0266994   0.475207   -0.08217174
 0.027507601   0.38848126   -0.08466115
 0.030340804   0.2117536   -0.09337672
 0.032767206   -0.02715497   -0.10084678
 0.035598606   -0.2578826   -0.10956235
 0.036003605   -0.5017017   -0.110806145
 0.035598606   -0.6964293   -0.10956235
 0.033980407   -0.7782466   -0.10458181
 -3.5180303e-11   -0.77170175   -1.07958185e-8
 -3.5180303e-11   0.5357536   -1.07958185e-8
 0.09743401   0.529207   -0.07079038
 0.09108002   0.48175365   -0.06617333
 0.06989941   0.475207   -0.050785176
 0.07201621   0.38848126   -0.05232412
 0.07943041   0.2117536   -0.057709776
 0.08578441   -0.02715497   -0.062326714
 0.09319861   -0.2578826   -0.06771238
 0.09425701   -0.5017017   -0.06848271
 0.09319861   -0.6964293   -0.06771238
 0.08896322   -0.7782466   -0.06463438
 -3.5180303e-11   -0.77170175   -1.07958185e-8
 0.0024281999   -0.7782466   0.0023886575
 0.12986821   -0.7798827   0.12782529
 0.12744   -0.9991567   0.1254349
 -3.5180303e-11   -0.9991567   -1.07958185e-8
 -0.0023706004   -0.7782466   0.0024083985
 -0.12681901   -0.7798827   0.12884764
 -0.124448396   -0.9991567   0.12643923
 -3.5180303e-11   -0.9991567   -1.07958185e-8
 -0.0024282006   -0.7782466   -0.0023885716
 -0.12986821   -0.7798827   -0.1278252
 -0.12744   -0.9991567   -0.12543482
 -3.5180303e-11   -0.9991567   -1.07958185e-8
 0.0023706   -0.7782466   -0.0024083126
 0.12681901   -0.7798827   -0.12884755
 0.12444841   -0.9991567   -0.12643914
 -3.5180303e-11   -0.9991567   -1.07958185e-8
   4   1   2   10   9
   4   2   3   11   10
   4   3   4   12   11
   4   4   5   13   12
   4   5   6   14   13
   4   6   7   15   14
   4   7   8   16   15
   4   9   10   18   17
   4   10   11   19   18
   4   11   12   20   19
   4   12   13   21   20
   4   13   14   22   21
   4   14   15   23   22
   4   15   16   24   23
   4   17   18   26   25
   4   18   19   27   26
   4   19   20   28   27
   4   20   21   29   28
   4   21   22   30   29
   4   22   23   31   30
   4   23   24   32   31
   4   25   26   2   1
   4   26   27   3   2
   4   27   28   4   3
   4   28   29   5   4
   4   29   30   6   5
   4   30   31   7   6
   4   31   32   8   7
   4   1   9   17   25
   4   32   24   16   8
   3   33   34   46
   4   34   35   47   46
   4   35   36   48   47
   4   36   37   49   48
   4   37   38   50   49
   4   38   39   51   50
   4   39   40   52   51
   4   40   41   53   52
   4   41   42   54   53
   4   42   43   55   54
   3   43   44   55
   3   33   46   58
   4   46   47   59   58
   4   47   48   60   59
   4   48   49   61   60
   4   49   50   62   61
   4   50   51   63   62
   4   51   52   64   63
   4   52   53   65   64
   4   53   54   66   65
   4   54   55   67   66
   3   55   44   67
   3   33   58   70
   4   58   59   71   70
   4   59   60   72   71
   4   60   61   73   72
   4   61   62   74   73
   4   62   63   75   74
   4   63   64   76   75
   4   64   65   77   76
   4   65   66   78   77
   4   66   67   79   78
   3   67   44   79
   3   33   70   82
   4   70   71   83   82
   4   71   72   84   83
   4   72   73   85   84
   4   73   74   86   85
   4   74   75   87   86
   4   75   76   88   87
   4   76   77   89   88
   4   77   78   90   89
   4   78   79   91   90
   3   79   44   91
   3   33   82   94
   4   82   83   95   94
   4   83   84   96   95
   4   84   85   97   96
   4   85   86   98   97
   4   86   87   99   98
   4   87   88   100   99
   4   88   89   101   100
   4   89   90   102   101
   4   90   91   103   102
   3   91   44   103
   3   33   94   106
   4   94   95   107   106
   4   95   96   108   107
   4   96   97   109   108
   4   97   98   110   109
   4   98   99   111   110
   4   99   100   112   111
   4   100   101   113   112
   4   101   102   114   113
   4   102   103   115   114
   3   103   44   115
   3   33   106   118
   4   106   107   119   118
   4   107   108   120   119
   4   108   109   121   120
   4   109   110   122   121
   4   110   111   123   122
   4   111   112   124   123
   4   112   113   125   124
   4   113   114   126   125
   4   114   115   127   126
   3   115   44   127
   3   33   118   130
   4   118   119   131   130
   4   119   120   132   131
   4   120   121   133   132
   4   121   122   134   133
   4   122   123   135   134
   4   123   124   136   135
   4   124   125   137   136
   4   125   126   138   137
   4   126   127   139   138
   3   127   44   139
   3   33   130   142
   4   130   131   143   142
   4   131   132   144   143
   4   132   133   145   144
   4   133   134   146   145
   4   134   135   147   146
   4   135   136   148   147
   4   136   137   149   148
   4   137   138   150   149
   4   138   139   151   150
   3   139   44   151
   3   33   142   34
   4   142   143   35   34
   4   143   144   36   35
   4   144   145   37   36
   4   145   146   38   37
   4   146   147   39   38
   4   147   148   40   39
   4   148   149   41   40
   4   149   150   42   41
   4   150   151   43   42
   3   151   44   43
   4   153   154   158   157
   4   154   155   159   158
   3   155   156   159
   4   157   158   162   161
   4   158   159   163   162
   3   159   156   163
   4   161   162   166   165
   4   162   163   167   166
   3   163   156   167
   4   165   166   154   153
   4   166   167   155   154
   3   167   156   155
   4   153   157   161   165