 data    200    200
 0.5999999   1.1902302e-8   -1.5646219e-9
 0.58090186   -0.058778487   -1.5646219e-9
 0.5309019   -0.095105685   -1.5646219e-9
 0.46909788   -0.09510559   -1.5646219e-9
 0.41909787   -0.058778487   -1.5646219e-9
 0.3999999   2.0644581e-8   -1.5646219e-9
 0.41909787   0.05877851   -1.5646219e-9
 0.46909788   0.09510562   -1.5646219e-9
 0.5309019   0.09510562   -1.5646219e-9
 0.58090186   0.05877851   -1.5646219e-9
 0.5706339   1.1902302e-8   0.18541
 0.5524699   -0.058778487   0.179508
 0.50491786   -0.095105685   0.164058
 0.4461389   -0.09510559   0.144959
 0.3985859   -0.058778487   0.129508
 0.3804229   2.0644581e-8   0.123607
 0.3985859   0.05877851   0.129509
 0.4461389   0.09510562   0.144959
 0.50491786   0.09510562   0.164058
 0.5524699   0.05877851   0.179509
 0.4854099   1.1902302e-8   0.352671
 0.46995887   -0.058778487   0.341445
 0.42950788   -0.095105685   0.312056
 0.37950787   -0.09510559   0.275729
 0.3390579   -0.058778487   0.24634
 0.32360688   2.0644581e-8   0.235114
 0.3390579   0.05877851   0.24634
 0.37950787   0.09510562   0.275729
 0.4295089   0.09510562   0.312056
 0.46995887   0.05877851   0.341445
 0.35267088   1.1902302e-8   0.48541
 0.34144488   -0.058778487   0.469959
 0.3120559   -0.095105685   0.429508
 0.27572888   -0.09510559   0.379508
 0.24633989   -0.058778487   0.339058
 0.23511387   2.0644581e-8   0.323607
 0.24633989   0.05877851   0.339058
 0.27572888   0.09510562   0.379508
 0.3120559   0.09510562   0.429509
 0.34144488   0.05877851   0.469959
 0.18540987   1.1902302e-8   0.570634
 0.17950788   -0.058778487   0.55247
 0.16405788   -0.095105685   0.504918
 0.14495888   -0.09510559   0.446139
 0.12950788   -0.058778487   0.398586
 0.123606876   2.0644581e-8   0.380423
 0.12950788   0.05877851   0.398586
 0.14495888   0.09510562   0.446139
 0.16405788   0.09510562   0.504918
 0.17950788   0.05877851   0.55247
 -1.5050249e-7   1.1902302e-8   0.6
 -1.4966768e-7   -0.058778487   0.580902
 -1.4748208e-7   -0.095105685   0.530902
 -1.4478059e-7   -0.09510559   0.469098
 -1.4259508e-7   -0.058778487   0.419098
 -1.4176028e-7   2.0644581e-8   0.4
 -1.4259508e-7   0.05877851   0.419098
 -1.4478059e-7   0.09510562   0.469098
 -1.4748218e-7   0.09510562   0.530902
 -1.4966768e-7   0.05877851   0.580902
 -0.18541011   1.1902302e-8   0.570634
 -0.17950912   -0.058778487   0.55247
 -0.16405812   -0.095105685   0.504918
 -0.14495912   -0.09510559   0.446139
 -0.12950912   -0.058778487   0.398586
 -0.12360713   2.0644581e-8   0.380423
 -0.12950912   0.05877851   0.398586
 -0.14495912   0.09510562   0.446139
 -0.16405812   0.09510562   0.504918
 -0.17950912   0.05877851   0.55247
 -0.35267112   1.1902302e-8   0.48541
 -0.34144512   -0.058778487   0.469959
 -0.31205612   -0.095105685   0.429508
 -0.27572912   -0.09510559   0.379508
 -0.24634013   -0.058778487   0.339058
 -0.23511411   2.0644581e-8   0.323607
 -0.24634013   0.05877851   0.339058
 -0.27572912   0.09510562   0.379508
 -0.31205612   0.09510562   0.429509
 -0.34144512   0.05877851   0.469959
 -0.48541012   1.1902302e-8   0.352671
 -0.4699591   -0.058778487   0.341445
 -0.42950913   -0.095105685   0.312056
 -0.37950912   -0.09510559   0.275729
 -0.33905813   -0.058778487   0.24634
 -0.32360712   2.0644581e-8   0.235114
 -0.33905813   0.05877851   0.24634
 -0.37950912   0.09510562   0.275729
 -0.42950913   0.09510562   0.312056
 -0.4699591   0.05877851   0.341445
 -0.5706341   1.1902302e-8   0.18541
 -0.55247015   -0.058778487   0.179508
 -0.5049181   -0.095105685   0.164058
 -0.44613913   -0.09510559   0.144959
 -0.39858612   -0.058778487   0.129508
 -0.38042313   2.0644581e-8   0.123607
 -0.39858612   0.05877851   0.129508
 -0.44613913   0.09510562   0.144959
 -0.5049181   0.09510562   0.164058
 -0.55247015   0.05877851   0.179508
 -0.60000014   1.1902302e-8   -1.9706961e-7
 -0.5809021   -0.058778487   -1.9084662e-7
 -0.53090215   -0.095105685   -1.7455461e-7
 -0.46909812   -0.09510559   -1.5441661e-7
 -0.4190981   -0.058778487   -1.3812462e-7
 -0.40000013   2.0644581e-8   -1.3190161e-7
 -0.4190981   0.05877851   -1.3812462e-7
 -0.46909812   0.09510562   -1.5441661e-7
 -0.53090215   0.09510562   -1.7455461e-7
 -0.5809021   0.05877851   -1.9084662e-7
 -0.5706341   1.1902302e-8   -0.18541
 -0.55247015   -0.058778487   -0.179509
 -0.50491714   -0.095105685   -0.164058
 -0.44613913   -0.09510559   -0.14496
 -0.39858612   -0.058778487   -0.129509
 -0.38042313   2.0644581e-8   -0.123607
 -0.39858612   0.05877851   -0.129509
 -0.44613913   0.09510562   -0.14496
 -0.50491714   0.09510562   -0.164058
 -0.55247015   0.05877851   -0.179509
 -0.48541012   1.1902302e-8   -0.352671
 -0.4699591   -0.058778487   -0.341446
 -0.42950812   -0.095105685   -0.312056
 -0.3795081   -0.09510559   -0.275729
 -0.33905813   -0.058778487   -0.24634
 -0.32360712   2.0644581e-8   -0.235114
 -0.33905813   0.05877851   -0.24634
 -0.3795081   0.09510562   -0.275729
 -0.42950812   0.09510562   -0.312056
 -0.4699591   0.05877851   -0.341446
 -0.35267112   1.1902302e-8   -0.48541
 -0.34144512   -0.058778487   -0.46996
 -0.31205612   -0.095105685   -0.429509
 -0.27572912   -0.09510559   -0.379509
 -0.24634013   -0.058778487   -0.339058
 -0.23511411   2.0644581e-8   -0.323607
 -0.24634013   0.05877851   -0.339058
 -0.27572912   0.09510562   -0.379509
 -0.31205612   0.09510562   -0.429509
 -0.34144512   0.05877851   -0.46996
 -0.18541011   1.1902302e-8   -0.570634
 -0.17950812   -0.058778487   -0.552471
 -0.16405712   -0.095105685   -0.504918
 -0.14495912   -0.09510559   -0.446139
 -0.12950812   -0.058778487   -0.398586
 -0.12360612   2.0644581e-8   -0.380423
 -0.12950812   0.05877851   -0.398586
 -0.14495912   0.09510562   -0.446139
 -0.16405712   0.09510562   -0.504918
 -0.17950812   0.05877851   -0.552471
 4.550833e-7   1.1902302e-8   -0.6
 4.3664232e-7   -0.058778487   -0.580902
 3.883623e-7   -0.095105685   -0.530902
 3.286853e-7   -0.09510559   -0.469098
 2.8040532e-7   -0.058778487   -0.419098
 2.6196432e-7   2.0644581e-8   -0.4
 2.8040532e-7   0.05877851   -0.419098
 3.286853e-7   0.09510562   -0.469098
 3.883623e-7   0.09510562   -0.530902
 4.3664232e-7   0.05877851   -0.580902
 0.18541089   1.1902302e-8   -0.570634
 0.17950888   -0.058778487   -0.55247
 0.16405788   -0.095105685   -0.504917
 0.14495988   -0.09510559   -0.446139
 0.12950888   -0.058778487   -0.398586
 0.123606876   2.0644581e-8   -0.380422
 0.12950888   0.05877851   -0.398586
 0.14495988   0.09510562   -0.446139
 0.16405788   0.09510562   -0.504917
 0.17950888   0.05877851   -0.55247
 0.3526719   1.1902302e-8   -0.48541
 0.3414459   -0.058778487   -0.469959
 0.31205687   -0.095105685   -0.429508
 0.2757299   -0.09510559   -0.379508
 0.24633989   -0.058778487   -0.339057
 0.23511387   2.0644581e-8   -0.323607
 0.24633989   0.05877851   -0.339057
 0.2757299   0.09510562   -0.379508
 0.31205687   0.09510562   -0.429508
 0.3414459   0.05877851   -0.469959
 0.48541087   1.1902302e-8   -0.352671
 0.46995988   -0.058778487   -0.341445
 0.4295089   -0.095105685   -0.312056
 0.37950888   -0.09510559   -0.275729
 0.3390579   -0.058778487   -0.246339
 0.32360688   2.0644581e-8   -0.235114
 0.3390579   0.05877851   -0.246339
 0.37950888   0.09510562   -0.275729
 0.4295089   0.09510562   -0.312056
 0.46995988   0.05877851   -0.341445
 0.5706339   1.1902302e-8   -0.185409
 0.55247086   -0.058778487   -0.179508
 0.50491786   -0.095105685   -0.164057
 0.4461389   -0.09510559   -0.144959
 0.3985859   -0.058778487   -0.129508
 0.3804229   2.0644581e-8   -0.123606
 0.3985859   0.05877851   -0.129508
 0.4461389   0.09510562   -0.144959
 0.50491786   0.09510562   -0.164057
 0.55247086   0.05877851   -0.179508
   4   1   2   12   11
   4   2   3   13   12
   4   3   4   14   13
   4   4   5   15   14
   4   5   6   16   15
   4   6   7   17   16
   4   7   8   18   17
   4   8   9   19   18
   4   9   10   20   19
   4   11   12   22   21
   4   12   13   23   22
   4   13   14   24   23
   4   14   15   25   24
   4   15   16   26   25
   4   16   17   27   26
   4   17   18   28   27
   4   18   19   29   28
   4   19   20   30   29
   4   21   22   32   31
   4   22   23   33   32
   4   23   24   34   33
   4   24   25   35   34
   4   25   26   36   35
   4   26   27   37   36
   4   27   28   38   37
   4   28   29   39   38
   4   29   30   40   39
   4   31   32   42   41
   4   32   33   43   42
   4   33   34   44   43
   4   34   35   45   44
   4   35   36   46   45
   4   36   37   47   46
   4   37   38   48   47
   4   38   39   49   48
   4   39   40   50   49
   4   41   42   52   51
   4   42   43   53   52
   4   43   44   54   53
   4   44   45   55   54
   4   45   46   56   55
   4   46   47   57   56
   4   47   48   58   57
   4   48   49   59   58
   4   49   50   60   59
   4   51   52   62   61
   4   52   53   63   62
   4   53   54   64   63
   4   54   55   65   64
   4   55   56   66   65
   4   56   57   67   66
   4   57   58   68   67
   4   58   59   69   68
   4   59   60   70   69
   4   61   62   72   71
   4   62   63   73   72
   4   63   64   74   73
   4   64   65   75   74
   4   65   66   76   75
   4   66   67   77   76
   4   67   68   78   77
   4   68   69   79   78
   4   69   70   80   79
   4   71   72   82   81
   4   72   73   83   82
   4   73   74   84   83
   4   74   75   85   84
   4   75   76   86   85
   4   76   77   87   86
   4   77   78   88   87
   4   78   79   89   88
   4   79   80   90   89
   4   81   82   92   91
   4   82   83   93   92
   4   83   84   94   93
   4   84   85   95   94
   4   85   86   96   95
   4   86   87   97   96
   4   87   88   98   97
   4   88   89   99   98
   4   89   90   100   99
   4   91   92   102   101
   4   92   93   103   102
   4   93   94   104   103
   4   94   95   105   104
   4   95   96   106   105
   4   96   97   107   106
   4   97   98   108   107
   4   98   99   109   108
   4   99   100   110   109
   4   101   102   112   111
   4   102   103   113   112
   4   103   104   114   113
   4   104   105   115   114
   4   105   106   116   115
   4   106   107   117   116
   4   107   108   118   117
   4   108   109   119   118
   4   109   110   120   119
   4   111   112   122   121
   4   112   113   123   122
   4   113   114   124   123
   4   114   115   125   124
   4   115   116   126   125
   4   116   117   127   126
   4   117   118   128   127
   4   118   119   129   128
   4   119   120   130   129
   4   121   122   132   131
   4   122   123   133   132
   4   123   124   134   133
   4   124   125   135   134
   4   125   126   136   135
   4   126   127   137   136
   4   127   128   138   137
   4   128   129   139   138
   4   129   130   140   139
   4   131   132   142   141
   4   132   133   143   142
   4   133   134   144   143
   4   134   135   145   144
   4   135   136   146   145
   4   136   137   147   146
   4   137   138   148   147
   4   138   139   149   148
   4   139   140   150   149
   4   141   142   152   151
   4   142   143   153   152
   4   143   144   154   153
   4   144   145   155   154
   4   145   146   156   155
   4   146   147   157   156
   4   147   148   158   157
   4   148   149   159   158
   4   149   150   160   159
   4   151   152   162   161
   4   152   153   163   162
   4   153   154   164   163
   4   154   155   165   164
   4   155   156   166   165
   4   156   157   167   166
   4   157   158   168   167
   4   158   159   169   168
   4   159   160   170   169
   4   161   162   172   171
   4   162   163   173   172
   4   163   164   174   173
   4   164   165   175   174
   4   165   166   176   175
   4   166   167   177   176
   4   167   168   178   177
   4   168   169   179   178
   4   169   170   180   179
   4   171   172   182   181
   4   172   173   183   182
   4   173   174   184   183
   4   174   175   185   184
   4   175   176   186   185
   4   176   177   187   186
   4   177   178   188   187
   4   178   179   189   188
   4   179   180   190   189
   4   181   182   192   191
   4   182   183   193   192
   4   183   184   194   193
   4   184   185   195   194
   4   185   186   196   195
   4   186   187   197   196
   4   187   188   198   197
   4   188   189   199   198
   4   189   190   200   199
   4   191   192   2   1
   4   192   193   3   2
   4   193   194   4   3
   4   194   195   5   4
   4   195   196   6   5
   4   196   197   7   6
   4   197   198   8   7
   4   198   199   9   8
   4   199   200   10   9
   4   141   151   160   150
   4   151   161   170   160
   4   161   171   180   170
   4   171   181   190   180
   4   181   191   200   190
   4   191   1   10   200
   4   1   11   20   10
   4   11   21   30   20
   4   21   31   40   30
   4   31   41   50   40
   4   41   51   60   50
   4   51   61   70   60
   4   61   71   80   70
   4   71   81   90   80
   4   81   91   100   90
   4   91   101   110   100
   4   101   111   120   110
   4   111   121   130   120
   4   121   131   140   130
   4   131   141   150   140