data	 24 14
           1           -1 -3.36868e-06
    0.866026           -1    -0.500002
         0.5           -1    -0.866026
-4.37114e-08           -1           -1
        -0.5           -1    -0.866026
   -0.866026           -1    -0.500001
          -1           -1 -3.04284e-06
   -0.866026           -1     0.499995
        -0.5           -1     0.866019
 4.88762e-07           -1     0.999993
    0.500001           -1     0.866019
    0.866026           -1     0.499995
           1            1  3.36335e-06
    0.866026            1     0.500001
    0.500001            1     0.866026
 4.88762e-07            1            1
        -0.5            1     0.866026
   -0.866026            1     0.500002
          -1            1  3.68919e-06
   -0.866026            1    -0.499995
        -0.5            1    -0.866019
-4.37114e-08            1    -0.999993
         0.5            1    -0.866019
    0.866026            1    -0.499995
12     1     2     3     4     5     6     7     8     9    10    11    12
12    13    14    15    16    17    18    19    20    21    22    23    24
4     1    13    24     2
4     2    24    23     3
4     3    23    22     4
4     4    22    21     5
4     5    21    20     6
4     6    20    19     7
4     7    19    18     8
4     8    18    17     9
4     9    17    16    10
4    10    16    15    11
4    11    15    14    12
4    12    14    13     1

