 data    70    60
 0.5999999   -2.1287374e-9   -1.4901161e-8
 0.5499999   -0.0866025   -1.4901161e-8
 0.44999987   -0.0866025   -1.4901161e-8
 0.3999999   6.6135426e-9   -1.4901161e-8
 0.44999987   0.0866025   -1.4901161e-8
 0.5499999   0.0866025   -1.4901161e-8
 0.5999999   -2.1287374e-9   -1.4901161e-8
 0.4854099   -2.1287374e-9   0.35267097
 0.4449589   -0.0866025   0.323282
 0.36405787   -0.0866025   0.264503
 0.32360688   6.6135426e-9   0.23511398
 0.36405787   0.0866025   0.264503
 0.4449589   0.0866025   0.323282
 0.4854099   -2.1287374e-9   0.35267097
 0.18540986   -2.1287374e-9   0.570634
 0.16995886   -0.0866025   0.523081
 0.13905786   -0.0866025   0.427975
 0.12360687   6.6135426e-9   0.380423
 0.13905786   0.0866025   0.427975
 0.16995886   0.0866025   0.523081
 0.18540986   -2.1287374e-9   0.570634
 -0.18541013   -2.1287374e-9   0.570634
 -0.16995913   -0.0866025   0.523081
 -0.13905813   -0.0866025   0.427975
 -0.12360714   6.6135426e-9   0.380423
 -0.13905813   0.0866025   0.427975
 -0.16995913   0.0866025   0.523081
 -0.18541013   -2.1287374e-9   0.570634
 -0.48541012   -2.1287374e-9   0.35267097
 -0.44495913   -0.0866025   0.323282
 -0.3640581   -0.0866025   0.264503
 -0.32360712   6.6135426e-9   0.23511398
 -0.3640581   0.0866025   0.264503
 -0.44495913   0.0866025   0.323282
 -0.48541012   -2.1287374e-9   0.35267097
 -0.60000014   -2.1287374e-9   -6.735486e-8
 -0.55000013   -0.0866025   -6.298366e-8
 -0.4500001   -0.0866025   -5.424146e-8
 -0.40000013   6.6135426e-9   -4.9870263e-8
 -0.4500001   0.0866025   -5.424146e-8
 -0.55000013   0.0866025   -6.298366e-8
 -0.60000014   -2.1287374e-9   -6.735486e-8
 -0.48541012   -2.1287374e-9   -0.35267103
 -0.44495913   -0.0866025   -0.323282
 -0.3640581   -0.0866025   -0.264503
 -0.32360712   6.6135426e-9   -0.23511401
 -0.3640581   0.0866025   -0.264503
 -0.44495913   0.0866025   -0.323282
 -0.48541012   -2.1287374e-9   -0.35267103
 -0.18541013   -2.1287374e-9   -0.570634
 -0.16995913   -0.0866025   -0.523081
 -0.13905713   -0.0866025   -0.427975
 -0.12360714   6.6135426e-9   -0.380423
 -0.13905813   0.0866025   -0.427975
 -0.16995913   0.0866025   -0.523081
 -0.18541013   -2.1287374e-9   -0.570634
 0.18541087   -2.1287374e-9   -0.570634
 0.16995987   -0.0866025   -0.523081
 0.13905786   -0.0866025   -0.427975
 0.12360687   6.6135426e-9   -0.380423
 0.13905786   0.0866025   -0.427975
 0.16995987   0.0866025   -0.523081
 0.18541087   -2.1287374e-9   -0.570634
 0.48541087   -2.1287374e-9   -0.35267103
 0.44495988   -0.0866025   -0.323281
 0.36405787   -0.0866025   -0.264503
 0.32360688   6.6135426e-9   -0.23511401
 0.36405787   0.0866025   -0.264503
 0.44495988   0.0866025   -0.323281
 0.48541087   -2.1287374e-9   -0.35267103
   4   1   2   9   8
   4   2   3   10   9
   4   3   4   11   10
   4   4   5   12   11
   4   5   6   13   12
   4   6   7   14   13
   4   8   9   16   15
   4   9   10   17   16
   4   10   11   18   17
   4   11   12   19   18
   4   12   13   20   19
   4   13   14   21   20
   4   15   16   23   22
   4   16   17   24   23
   4   17   18   25   24
   4   18   19   26   25
   4   19   20   27   26
   4   20   21   28   27
   4   22   23   30   29
   4   23   24   31   30
   4   24   25   32   31
   4   25   26   33   32
   4   26   27   34   33
   4   27   28   35   34
   4   29   30   37   36
   4   30   31   38   37
   4   31   32   39   38
   4   32   33   40   39
   4   33   34   41   40
   4   34   35   42   41
   4   36   37   44   43
   4   37   38   45   44
   4   38   39   46   45
   4   39   40   47   46
   4   40   41   48   47
   4   41   42   49   48
   4   43   44   51   50
   4   44   45   52   51
   4   45   46   53   52
   4   46   47   54   53
   4   47   48   55   54
   4   48   49   56   55
   4   50   51   58   57
   4   51   52   59   58
   4   52   53   60   59
   4   53   54   61   60
   4   54   55   62   61
   4   55   56   63   62
   4   57   58   65   64
   4   58   59   66   65
   4   59   60   67   66
   4   60   61   68   67
   4   61   62   69   68
   4   62   63   70   69
   4   64   65   2   1
   4   65   66   3   2
   4   66   67   4   3
   4   67   68   5   4
   4   68   69   6   5
   4   69   70   7   6