data 334 476
0.063459 0.010345 3.624850
-0.301273 0.048701 3.594850
-0.225565 -0.587120 3.214850
0.119242 -0.627219 3.264850
-0.742710 0.160650 3.364850
-0.615076 -0.380283 3.134850
-1.049910 0.344574 2.924850
-0.946184 -0.037840 2.744850
-1.099350 0.450669 2.424850
-1.055020 0.173478 2.324850
-1.071200 0.473208 2.014850
-1.050280 0.234122 1.914850
-0.167787 -0.903288 2.824850
0.148877 -0.965925 2.824850
-0.520065 -0.663079 2.784850
-0.889775 -0.223631 2.514850
-1.006450 0.077345 2.214850
-0.072029 -0.965177 2.374850
0.155850 -1.045620 2.364850
-0.301650 -0.864808 2.384850
-0.551694 -0.645770 2.384850
-0.823031 -0.298096 2.254850
-0.931863 -0.086778 2.084850
-0.958760 -0.008826 1.854850
-0.004910 -0.929189 2.094850
0.148877 -0.965925 2.084850
-0.242751 -0.849617 2.244850
-0.060821 -0.863814 2.074850
-0.388320 -0.792086 2.324850
-0.410858 -0.763944 2.304850
-0.540860 -0.654859 2.314850
-0.808711 -0.347035 2.204850
0.073042 -0.902292 1.884850
0.148006 -0.955963 1.894850
0.022735 -0.786235 1.844850
-0.262301 -0.740907 2.134850
-0.123705 -0.718743 1.964850
-0.045753 -0.691846 1.774850
-0.171397 -0.632572 1.934850
-0.086097 -0.574918 1.804850
-0.417831 -0.684248 2.184850
-0.290069 -0.652993 2.064850
-0.381470 -0.640913 2.094850
-0.585067 -0.608536 2.174850
-0.556053 -0.595959 2.084850
-0.751928 -0.422372 2.094850
-0.710337 -0.438809 2.014850
-0.872466 -0.192002 1.974850
-0.827389 -0.248287 1.864850
0.086117 -1.051720 1.674850
0.161080 -1.105390 1.684850
0.004180 -0.918356 1.634850
-0.121090 -0.748628 1.604850
-0.114118 -0.828324 1.564850
-0.150104 -0.761205 1.604850
-0.177873 -0.673292 1.704850
-0.274877 -0.711893 1.614850
-0.399651 -0.662581 1.604850
-0.425178 -0.715006 1.544850
-0.537871 -0.574293 1.604850
-0.584195 -0.618499 1.544850
-0.704733 -0.388128 1.714850
-0.752800 -0.412410 1.644850
-0.890647 -0.213669 1.764850
0.098320 -1.191190 1.484850
0.169797 -1.205010 1.494850
0.021613 -1.117590 1.474850
-0.018733 -1.000670 1.444850
-0.079001 -0.885481 1.404850
-0.319457 -0.776023 1.404850
-0.580709 -0.658346 1.474850
-0.740223 -0.441424 1.544850
-0.844324 -0.169463 1.614850
-0.953157 0.041856 1.704850
-1.013050 0.267493 1.764850
-1.061240 0.474080 1.814850
-0.446846 -0.696825 1.284850
-0.700375 -0.437937 1.384850
-0.878568 -0.122268 1.494850
-0.915924 0.075227 1.544850
-0.995742 0.299123 1.594850
-1.019650 0.457642 1.624850
0.103549 -1.250960 1.394850
0.175897 -1.274740 1.394850
0.005175 -1.159190 1.394850
-0.099299 -0.997677 1.364850
-0.138774 -0.890711 1.294850
0.092716 -1.241870 1.284850
0.170668 -1.214970 1.244850
-0.004786 -1.160060 1.304850
-0.077633 -1.015860 1.304850
-0.146121 -0.921468 1.234850
0.116500 -1.169520 1.234850
0.170668 -1.214970 1.194850
0.042408 -1.125810 1.254850
-0.046875 -1.023210 1.244850
-0.114492 -0.938777 1.174850
0.087860 -1.071650 1.204850
0.162823 -1.125320 1.154850
0.082630 -1.011870 1.134850
0.156722 -1.055580 1.114850
-0.705605 -0.378167 1.064850
-0.432151 -0.635310 1.114850
-0.781190 0.026787 0.814849
-0.814187 0.174473 0.944849
-0.643090 0.169367 0.584848
-0.481833 -0.067479 0.394848
-0.653924 0.178457 0.504848
-0.454188 0.075475 0.244849
-0.809952 0.355531 0.754848
0.119242 -0.627219 0.124848
0.092222 -0.318398 0.154849
0.063459 0.010345 0.094849
-0.863001 -0.070715 1.094850
-0.927752 0.325148 1.244850
-0.300401 0.038739 0.184849
-0.901851 0.488026 0.894849
0.053000 0.129889 -0.025151
-0.989764 0.460257 1.384850
-0.149726 0.152304 0.004848
-0.898615 0.106857 1.144850
0.149749 -0.975887 0.314848
-0.126196 -0.919725 0.334848
-0.101540 -0.857338 0.194849
0.146262 -0.936039 0.194849
-0.356810 0.224529 0.174849
-0.322943 -0.736175 0.374848
-0.353327 -0.618376 0.324849
-0.483326 0.293765 0.264849
0.134931 -0.806533 0.124848
-0.730257 0.362504 0.604849
-0.686179 -0.256008 0.874849
-0.523552 -0.623230 0.814849
-0.087344 -0.675408 0.154849
-0.839464 0.463370 0.724849
-0.741962 0.381557 0.514849
-0.206636 -0.344547 0.264849
0.032952 0.359014 -0.605151
-0.797626 -0.014804 0.954849
-0.553187 -0.284524 0.394848
-0.175003 0.441201 -0.575151
-0.510600 -0.541791 0.624849
-0.593158 -0.057143 0.474849
-0.415459 0.550658 -0.455152
-0.700499 -0.207070 0.704849
-0.607848 0.684398 -0.385151
-0.804595 0.867949 -0.295151
0.053616 -1.024450 1.054850
0.155850 -1.045620 1.054850
-0.073772 -0.945253 1.034850
-0.163927 -0.832682 1.204850
-0.232415 -0.738293 1.254850
-0.243248 -0.729202 1.264850
0.032820 -1.016230 0.914849
0.159336 -1.085470 0.904849
-0.127068 -0.909762 0.884849
-0.214608 -0.827078 1.004850
-0.001424 -0.969037 0.824849
0.155850 -1.045620 0.804849
-0.169531 -0.883364 0.854849
-0.247981 -0.789846 0.834849
-0.280107 -0.652121 0.804849
0.009785 -0.867674 0.784849
0.148006 -0.955963 0.774848
-0.188209 -0.784616 0.794848
0.018500 -0.967294 0.734848
0.153236 -1.015730 0.714849
-0.238393 -0.899427 0.744848
0.018500 -0.967294 0.664849
0.154979 -1.035660 0.664849
-0.242751 -0.849617 0.714849
-0.212491 -0.736549 0.734848
-0.003167 -0.949113 0.554849
0.149749 -0.975887 0.544848
-0.133169 -0.840029 0.604849
-0.242377 -0.739164 0.664849
-0.296545 -0.693713 0.704849
-0.006653 -0.909265 0.544848
0.146262 -0.936039 0.504848
-0.155708 -0.811887 0.574849
0.142776 -0.896191 0.454849
-0.195556 -0.815373 0.474849
0.451846 -0.527850 3.214850
0.415988 0.111458 3.594850
0.799520 -0.256513 3.134850
0.831277 0.298366 3.364850
1.066130 0.138227 2.744850
1.101870 0.532844 2.924850
1.132130 0.645912 2.424850
1.136610 0.365234 2.324850
1.100500 0.663221 2.014850
1.121420 0.424134 1.914850
0.449853 -0.849248 2.824850
0.755063 -0.551512 2.784850
1.042840 -0.054537 2.514850
1.105480 0.262128 2.214850
0.366297 -0.926825 2.374850
0.575000 -0.788106 2.384850
0.783206 -0.528973 2.384850
0.990043 -0.139462 2.254850
1.060520 0.087545 2.084850
1.073480 0.168985 1.854850
0.293949 -0.903040 2.094850
0.514357 -0.783374 2.244850
0.337656 -0.828949 2.074850
0.647723 -0.701438 2.324850
0.665032 -0.669809 2.304850
0.774115 -0.539806 2.314850
0.984439 -0.190143 2.204850
0.212510 -0.890090 1.884850
0.241898 -0.767060 1.844850
0.374392 -0.675162 1.964850
0.514731 -0.672921 2.134850
0.292953 -0.662211 1.774850
0.312380 -0.540052 1.804850
0.406395 -0.582018 1.934850
0.658059 -0.590114 2.184850
0.526810 -0.581520 2.064850
0.614725 -0.553752 2.094850
0.809605 -0.486510 2.174850
0.778848 -0.479162 2.084850
0.941602 -0.274197 2.094850
0.903498 -0.297607 2.014850
1.020300 -0.026394 1.974850
0.985685 -0.089652 1.864850
0.225584 -1.039520 1.674850
0.283114 -0.893951 1.634850
0.383980 -0.784743 1.564850
0.377007 -0.705048 1.604850
0.407765 -0.712395 1.604850
0.419844 -0.620994 1.704850
0.522078 -0.642164 1.614850
0.670635 -0.619127 1.544850
0.636391 -0.571933 1.604850
0.810477 -0.496471 1.544850
0.757180 -0.460982 1.604850
0.940731 -0.264235 1.644850
0.889178 -0.248669 1.714850
1.041970 -0.044575 1.764850
0.237786 -1.178990 1.484850
0.300548 -1.093190 1.474850
0.319973 -0.971031 1.444850
0.359324 -0.847130 1.404850
0.577118 -0.697577 1.404850
0.813964 -0.536319 1.474850
0.933384 -0.294993 1.544850
0.988674 -0.009085 1.614850
1.059160 0.217922 1.704850
1.078960 0.450533 1.764850
1.090540 0.662349 1.814850
0.688817 -0.597461 1.284850
0.893535 -0.298479 1.384850
1.014200 0.043340 1.494850
1.016690 0.244322 1.544850
1.056420 0.478676 1.594850
1.052430 0.638939 1.624850
0.243016 -1.238760 1.394850
0.323957 -1.131290 1.394850
0.398797 -0.954096 1.364850
0.419096 -0.841900 1.294850
0.252107 -1.227920 1.284850
0.333919 -1.130420 1.304850
0.380617 -0.975763 1.304850
0.431673 -0.870914 1.234850
0.216119 -1.160810 1.234850
0.281495 -1.104890 1.254850
0.351602 -0.988340 1.244850
0.403530 -0.893454 1.174850
0.227327 -1.059440 1.204850
0.222098 -0.999672 1.134850
0.663662 -0.539432 1.114850
0.888306 -0.238707 1.064850
0.731658 0.289650 0.584848
0.899267 0.324391 0.944849
0.892418 0.173219 0.814849
0.561930 0.164379 0.244849
0.740747 0.300484 0.504848
0.613980 0.028399 0.394848
0.863654 0.501963 0.754848
0.989919 0.091406 1.094850
0.931147 0.648404 0.894849
0.984940 0.492499 1.244850
0.416859 0.101496 0.184849
1.022550 0.636324 1.384850
0.248752 0.187169 0.004848
0.994154 0.272464 1.144850
0.376633 -0.815501 0.194849
0.411749 -0.872657 0.334848
0.440146 0.294259 0.174849
0.573631 -0.657730 0.374848
0.583096 -0.536443 0.324849
0.552716 0.384413 0.264849
0.783959 0.494990 0.604849
0.751577 -0.511664 0.814849
0.847961 -0.121779 0.874849
0.331058 -0.638800 0.154849
0.792177 0.515786 0.514849
0.915827 0.135115 0.954849
0.391081 -0.292250 0.264849
0.721942 -0.172957 0.394848
0.223475 0.476066 -0.575151
0.724680 -0.433711 0.624849
0.721819 0.057910 0.474849
0.441269 0.625618 -0.455152
0.853564 -0.071097 0.704849
0.607509 0.790736 -0.385151
0.769391 1.005660 -0.295151
0.873990 0.613287 0.724849
0.252855 -1.007020 1.054850
0.364554 -0.906901 1.034850
0.433790 -0.780385 1.204850
0.484845 -0.675536 1.254850
0.493936 -0.664703 1.264850
0.271907 -0.995313 0.914849
0.410877 -0.862695 0.884849
0.482728 -0.766065 1.004850
0.297435 -0.942889 0.824849
0.448109 -0.829323 0.854849
0.509127 -0.723603 0.834849
0.516848 -0.582392 0.804849
0.268795 -0.845012 0.784849
0.449356 -0.728832 0.794848
0.277511 -0.944631 0.734848
0.518715 -0.833184 0.744848
0.277511 -0.944631 0.664849
0.514357 -0.783374 0.714849
0.464921 -0.677279 0.734848
0.295692 -0.922964 0.554849
0.404776 -0.792962 0.604849
0.494807 -0.674665 0.664849
0.540258 -0.620497 0.704849
0.292205 -0.883116 0.544848
0.422085 -0.761333 0.574849
0.461932 -0.757846 0.474849
4 1 2 3 4 
4 2 5 6 3 
4 5 7 8 6 
4 7 9 10 8 
3 9 11 10 
3 11 12 10 
4 4 3 13 14 
4 3 6 15 13 
4 6 8 16 15 
4 8 10 17 16 
3 10 12 17 
4 14 13 18 19 
3 13 20 18 
3 13 15 20 
3 15 21 20 
3 15 16 21 
3 16 22 21 
3 16 17 23 
3 16 23 22 
3 17 12 23 
3 23 12 24 
4 19 18 25 26 
3 18 20 27 
4 18 27 28 25 
3 20 21 29 
3 20 29 27 
3 27 29 30 
4 29 21 31 30 
4 21 22 32 31 
3 22 23 32 
4 26 25 33 34 
4 25 28 35 33 
4 28 27 36 37 
4 28 37 38 35 
4 37 39 40 38 
4 27 30 41 36 
4 36 42 39 37 
4 36 41 43 42 
4 30 31 44 41 
4 41 44 45 43 
4 31 32 46 44 
4 44 46 47 45 
4 32 23 48 46 
4 46 48 49 47 
3 23 24 48 
3 48 24 49 
4 34 33 50 51 
4 33 35 52 50 
3 35 38 52 
4 38 53 54 52 
3 53 55 54 
4 38 40 56 53 
4 53 56 57 55 
4 55 57 58 59 
4 58 60 61 59 
4 60 62 63 61 
4 62 49 64 63 
3 49 24 64 
4 51 50 65 66 
4 50 52 67 65 
3 52 68 67 
3 52 54 68 
3 54 69 68 
3 54 70 69 
3 54 55 70 
3 55 59 70 
3 59 71 70 
3 59 61 71 
3 61 72 71 
3 61 63 72 
4 63 64 73 72 
3 64 74 73 
3 64 24 74 
3 24 12 75 
3 24 75 74 
3 12 11 76 
3 12 76 75 
3 70 71 77 
3 71 78 77 
3 71 72 78 
3 72 73 78 
3 73 79 78 
3 73 74 79 
3 74 80 79 
3 74 75 80 
3 75 81 80 
3 75 76 81 
3 76 82 81 
4 66 65 83 84 
4 65 67 85 83 
4 67 68 86 85 
4 68 69 87 86 
4 84 83 88 89 
4 83 85 90 88 
4 85 86 91 90 
4 86 87 92 91 
4 89 88 93 94 
4 88 90 95 93 
4 90 91 96 95 
4 91 92 97 96 
4 94 93 98 99 
4 93 95 97 98 
3 95 96 97 
4 99 98 100 101 
3 98 97 100 
3 77 102 103 
3 104 105 106 
3 107 108 109 
3 77 78 102 
3 105 110 106 
3 111 112 113 
3 78 114 102 
3 115 110 105 
3 112 116 113 
3 78 79 114 
3 115 117 110 
3 113 116 118 
3 79 80 114 
3 115 119 117 
3 116 120 118 
3 80 121 114 
3 122 123 124 
3 116 109 120 
3 80 81 121 
3 122 124 125 
3 109 108 126 
3 81 115 121 
3 123 127 124 
3 109 126 120 
3 81 82 119 
3 127 128 124 
3 108 129 126 
3 81 119 115 
3 125 124 130 
3 108 131 129 
3 103 132 133 
3 124 128 134 
3 131 135 136 
3 102 114 132 
3 128 137 134 
3 118 120 138 
3 114 139 132 
3 128 140 137 
3 120 141 138 
3 114 121 139 
3 140 107 137 
3 120 126 141 
3 133 132 142 
3 140 143 107 
3 126 144 141 
3 132 145 142 
3 143 108 107 
3 126 129 144 
3 132 139 145 
3 143 106 108 
3 129 146 144 
3 139 104 145 
3 106 131 108 
3 129 136 146 
3 139 121 104 
3 106 110 131 
3 136 147 146 
3 139 121 104 
3 106 110 131 
3 136 147 146 
3 121 105 104 
3 110 135 131 
3 136 135 147 
3 121 115 105 
3 110 117 135 
3 142 128 127 
3 130 134 111 
3 142 140 128 
4 134 137 112 111 
3 142 145 140 
3 134 112 111 
3 145 143 140 
3 137 116 112 
3 145 104 143 
3 137 109 116 
3 104 106 143 
3 137 107 109 
4 101 100 148 149 
3 100 97 148 
3 97 150 148 
3 97 151 150 
3 97 92 151 
3 92 87 151 
3 87 152 151 
4 87 69 153 152 
3 69 103 153 
4 149 148 154 155 
3 148 150 154 
3 150 156 154 
3 150 157 156 
4 155 154 158 159 
4 154 156 160 158 
3 156 157 160 
3 157 161 160 
3 157 151 162 
3 157 162 161 
3 151 152 162 
3 152 133 162 
3 103 133 153 
4 159 158 163 164 
4 158 160 165 163 
4 160 161 162 165 
4 164 163 166 167 
4 163 165 168 166 
3 165 162 168 
4 167 166 169 170 
4 166 168 171 169 
4 168 162 172 171 
4 170 169 173 174 
4 169 171 175 173 
4 171 172 176 175 
4 172 162 177 176 
3 162 133 177 
4 174 173 178 179 
3 173 175 180 
3 173 180 178 
3 175 176 180 
3 176 142 180 
3 176 177 142 
3 177 133 142 
3 179 178 181 
3 178 182 181 
3 180 142 182 
3 181 123 122 
3 181 182 123 
3 182 127 123 
3 182 142 127 
3 152 153 133 
4 69 70 77 103 
3 150 151 157 
2 180 173 
3 178 180 182 
4 4 183 184 1 
4 183 185 186 184 
4 185 187 188 186 
3 187 189 188 
3 190 191 189 
3 190 192 191 
4 14 193 183 4 
4 193 194 185 183 
4 194 195 187 185 
4 195 196 190 187 
3 196 192 190 
4 19 197 193 14 
3 197 198 193 
3 198 194 193 
3 198 199 194 
3 199 195 194 
3 199 200 195 
3 201 196 195 
3 200 201 195 
3 201 192 196 
3 202 192 201 
4 26 203 197 19 
3 204 198 197 
4 203 205 204 197 
3 206 199 198 
3 204 206 198 
3 207 206 204 
4 207 208 199 206 
4 208 209 200 199 
3 209 201 200 
4 34 210 203 26 
4 210 211 205 203 
4 212 213 204 205 
4 211 214 212 205 
4 214 215 216 212 
4 213 217 207 204 
4 212 216 218 213 
4 218 219 217 213 
4 217 220 208 207 
4 219 221 220 217 
4 220 222 209 208 
4 221 223 222 220 
4 222 224 201 209 
4 223 225 224 222 
3 224 202 201 
3 225 202 224 
4 51 226 210 34 
4 226 227 211 210 
3 227 214 211 
4 227 228 229 214 
3 228 230 229 
4 229 231 215 214 
4 230 232 231 229 
4 233 234 232 230 
4 233 235 236 234 
4 235 237 238 236 
4 237 239 225 238 
3 239 202 225 
4 66 240 226 51 
4 240 241 227 226 
3 241 242 227 
3 242 228 227 
3 242 243 228 
3 243 244 228 
3 244 230 228 
3 244 233 230 
3 244 245 233 
3 245 235 233 
3 245 246 235 
3 246 237 235 
4 246 247 239 237 
3 247 248 239 
3 248 202 239 
3 249 192 202 
3 248 249 202 
3 250 191 192 
3 249 250 192 
3 251 245 244 
3 251 252 245 
3 252 246 245 
3 252 247 246 
3 252 253 247 
3 253 248 247 
3 253 254 248 
3 254 249 248 
3 254 255 249 
3 255 250 249 
3 255 256 250 
4 84 257 240 66 
4 257 258 241 240 
4 258 259 242 241 
4 259 260 243 242 
4 89 261 257 84 
4 261 262 258 257 
4 262 263 259 258 
4 263 264 260 259 
4 94 265 261 89 
4 265 266 262 261 
4 266 267 263 258 
4 267 268 264 263 
4 99 269 265 94 
4 269 268 266 265 
3 268 267 266 
4 101 270 269 99 
3 270 268 269 
3 271 272 251 
3 273 274 275 
3 276 277 278 
3 272 252 251 
3 273 279 274 
3 113 112 111 
3 272 280 252 
3 279 281 282 
3 118 283 113 
3 280 254 253 
3 281 284 282 
3 118 285 283 
3 280 286 254 
3 287 288 122 
3 285 276 283 
3 286 255 254 
3 125 287 122 
3 289 277 276 
3 286 282 255 
3 287 290 288 
3 285 289 276 
3 284 256 255 
3 287 291 290 
3 289 292 277 
3 282 284 255 
3 130 287 125 
3 292 293 277 
3 294 295 271 
3 130 296 287 
3 292 297 293 
3 295 272 271 
3 296 291 287 
3 138 285 118 
3 295 298 280 
3 299 300 291 
3 138 301 285 
3 298 286 280 
3 299 278 300 
3 301 289 285 
3 302 295 294 
3 278 303 300 
3 301 304 289 
3 302 305 295 
3 278 277 303 
3 304 292 289 
3 305 298 295 
3 277 273 303 
3 304 306 292 
3 305 275 298 
3 277 293 273 
3 306 297 292 
3 275 286 298 
3 293 279 273 
3 306 307 297 
3 275 274 286 
3 293 308 279 
3 307 308 297 
3 274 282 286 
3 308 281 279 
3 290 291 302 
3 111 296 130 
3 291 300 302 
4 111 112 299 296 
3 300 305 302 
3 111 112 296 
3 300 303 305 
3 112 283 299 
3 303 275 305 
3 283 276 299 
3 303 273 275 
3 276 278 299 
4 149 309 270 101 
3 309 268 270 
3 309 310 268 
3 310 311 268 
3 311 264 268 
3 311 260 264 
3 311 312 260 
4 312 313 243 260 
3 313 271 243 
4 155 314 309 149 
3 314 310 309 
3 314 315 310 
3 315 316 310 
4 159 317 314 155 
4 317 318 315 314 
3 318 316 315 
3 318 319 316 
3 320 311 316 
3 319 320 316 
3 320 312 311 
3 320 294 312 
3 313 294 271 
4 164 321 317 159 
4 321 322 318 317 
4 322 320 319 318 
4 167 323 321 164 
4 323 324 322 321 
3 324 320 322 
4 170 325 323 167 
4 325 326 324 323 
4 326 327 320 324 
4 174 328 325 170 
4 328 329 326 325 
4 329 330 327 326 
4 330 331 320 327 
3 331 294 320 
4 179 332 328 174 
3 333 329 328 
3 332 333 328 
3 333 330 329 
3 333 302 330 
3 302 331 330 
3 302 294 331 
3 181 332 179 
3 181 334 332 
3 334 302 333 
3 122 288 181 
3 288 334 181 
3 288 290 334 
3 290 302 334 
3 294 313 312 
4 271 251 244 243 
3 316 311 310 
3 333 329 328 
3 334 333 332 
3 103 102 132 
3 253 252 280 
3 112 113 283 
3 130 124 134 
3 129 131 136 
3 295 272 280 
3 279 274 282 
3 189 190 187 
