data 196 169
           0            0            0
           1            0            0
           2            0            0
           3            0            0
           4            0            0
           5            0            0
           6            0            0
           7            0            0
           8            0            0
           9            0            0
          10            0            0
          11            0            0
          12            0            0
          13            0            0
           0            1            0
           1            1            0
           2            1            0
           3            1            0
           4            1            0
           5            1            0
           6            1            0
           7            1            0
           8            1            0
           9            1            0
          10            1            0
          11            1            0
          12            1            0
          13            1            0
           0            2            0
           1            2            0
           2            2            0
           3            2            0
           4            2            0
           5            2            0
           6            2            0
           7            2            0
           8            2            0
           9            2            0
          10            2            0
          11            2            0
          12            2            0
          13            2            0
           0            3            0
           1            3            0
           2            3            0
           3            3            0
           4            3            0
           5            3            0
           6            3            0
           7            3            0
           8            3            0
           9            3            0
          10            3            0
          11            3            0
          12            3            0
          13            3            0
           0            4            0
           1            4            0
           2            4            0
           3            4            0
           4            4            0
           5            4            0
           6            4            0
           7            4            0
           8            4            0
           9            4            0
          10            4            0
          11            4            0
          12            4            0
          13            4            0
           0            5            0
           1            5            0
           2            5            0
           3            5            0
           4            5            0
           5            5            0
           6            5            0
           7            5            0
           8            5            0
           9            5            0
          10            5            0
          11            5            0
          12            5            0
          13            5            0
           0            6            0
           1            6            0
           2            6            0
           3            6            0
           4            6            0
           5            6            0
           6            6            0
           7            6            0
           8            6            0
           9            6            0
          10            6            0
          11            6            0
          12            6            0
          13            6            0
           0            7            0
           1            7            0
           2            7            0
           3            7            0
           4            7            0
           5            7            0
           6            7            0
           7            7            0
           8            7            0
           9            7            0
          10            7            0
          11            7            0
          12            7            0
          13            7            0
           0            8            0
           1            8            0
           2            8            0
           3            8            0
           4            8            0
           5            8            0
           6            8            0
           7            8            0
           8            8            0
           9            8            0
          10            8            0
          11            8            0
          12            8            0
          13            8            0
           0            9            0
           1            9            0
           2            9            0
           3            9            0
           4            9            0
           5            9            0
           6            9            0
           7            9            0
           8            9            0
           9            9            0
          10            9            0
          11            9            0
          12            9            0
          13            9            0
           0           10            0
           1           10            0
           2           10            0
           3           10            0
           4           10            0
           5           10            0
           6           10            0
           7           10            0
           8           10            0
           9           10            0
          10           10            0
          11           10            0
          12           10            0
          13           10            0
           0           11            0
           1           11            0
           2           11            0
           3           11            0
           4           11            0
           5           11            0
           6           11            0
           7           11            0
           8           11            0
           9           11            0
          10           11            0
          11           11            0
          12           11            0
          13           11            0
           0           12            0
           1           12            0
           2           12            0
           3           12            0
           4           12            0
           5           12            0
           6           12            0
           7           12            0
           8           12            0
           9           12            0
          10           12            0
          11           12            0
          12           12            0
          13           12            0
           0           13            0
           1           13            0
           2           13            0
           3           13            0
           4           13            0
           5           13            0
           6           13            0
           7           13            0
           8           13            0
           9           13            0
          10           13            0
          11           13            0
          12           13            0
          13           13            0
4	     1    15    16     2
4	     2    16    17     3
4	     3    17    18     4
4	     4    18    19     5
4	     5    19    20     6
4	     6    20    21     7
4	     7    21    22     8
4	     8    22    23     9
4	     9    23    24    10
4	    10    24    25    11
4	    11    25    26    12
4	    12    26    27    13
4	    13    27    28    14
4	    15    29    30    16
4	    16    30    31    17
4	    17    31    32    18
4	    18    32    33    19
4	    19    33    34    20
4	    20    34    35    21
4	    21    35    36    22
4	    22    36    37    23
4	    23    37    38    24
4	    24    38    39    25
4	    25    39    40    26
4	    26    40    41    27
4	    27    41    42    28
4	    29    43    44    30
4	    30    44    45    31
4	    31    45    46    32
4	    32    46    47    33
4	    33    47    48    34
4	    34    48    49    35
4	    35    49    50    36
4	    36    50    51    37
4	    37    51    52    38
4	    38    52    53    39
4	    39    53    54    40
4	    40    54    55    41
4	    41    55    56    42
4	    43    57    58    44
4	    44    58    59    45
4	    45    59    60    46
4	    46    60    61    47
4	    47    61    62    48
4	    48    62    63    49
4	    49    63    64    50
4	    50    64    65    51
4	    51    65    66    52
4	    52    66    67    53
4	    53    67    68    54
4	    54    68    69    55
4	    55    69    70    56
4	    57    71    72    58
4	    58    72    73    59
4	    59    73    74    60
4	    60    74    75    61
4	    61    75    76    62
4	    62    76    77    63
4	    63    77    78    64
4	    64    78    79    65
4	    65    79    80    66
4	    66    80    81    67
4	    67    81    82    68
4	    68    82    83    69
4	    69    83    84    70
4	    71    85    86    72
4	    72    86    87    73
4	    73    87    88    74
4	    74    88    89    75
4	    75    89    90    76
4	    76    90    91    77
4	    77    91    92    78
4	    78    92    93    79
4	    79    93    94    80
4	    80    94    95    81
4	    81    95    96    82
4	    82    96    97    83
4	    83    97    98    84
4	    85    99   100    86
4	    86   100   101    87
4	    87   101   102    88
4	    88   102   103    89
4	    89   103   104    90
4	    90   104   105    91
4	    91   105   106    92
4	    92   106   107    93
4	    93   107   108    94
4	    94   108   109    95
4	    95   109   110    96
4	    96   110   111    97
4	    97   111   112    98
4	    99   113   114   100
4	   100   114   115   101
4	   101   115   116   102
4	   102   116   117   103
4	   103   117   118   104
4	   104   118   119   105
4	   105   119   120   106
4	   106   120   121   107
4	   107   121   122   108
4	   108   122   123   109
4	   109   123   124   110
4	   110   124   125   111
4	   111   125   126   112
4	   113   127   128   114
4	   114   128   129   115
4	   115   129   130   116
4	   116   130   131   117
4	   117   131   132   118
4	   118   132   133   119
4	   119   133   134   120
4	   120   134   135   121
4	   121   135   136   122
4	   122   136   137   123
4	   123   137   138   124
4	   124   138   139   125
4	   125   139   140   126
4	   127   141   142   128
4	   128   142   143   129
4	   129   143   144   130
4	   130   144   145   131
4	   131   145   146   132
4	   132   146   147   133
4	   133   147   148   134
4	   134   148   149   135
4	   135   149   150   136
4	   136   150   151   137
4	   137   151   152   138
4	   138   152   153   139
4	   139   153   154   140
4	   141   155   156   142
4	   142   156   157   143
4	   143   157   158   144
4	   144   158   159   145
4	   145   159   160   146
4	   146   160   161   147
4	   147   161   162   148
4	   148   162   163   149
4	   149   163   164   150
4	   150   164   165   151
4	   151   165   166   152
4	   152   166   167   153
4	   153   167   168   154
4	   155   169   170   156
4	   156   170   171   157
4	   157   171   172   158
4	   158   172   173   159
4	   159   173   174   160
4	   160   174   175   161
4	   161   175   176   162
4	   162   176   177   163
4	   163   177   178   164
4	   164   178   179   165
4	   165   179   180   166
4	   166   180   181   167
4	   167   181   182   168
4	   169   183   184   170
4	   170   184   185   171
4	   171   185   186   172
4	   172   186   187   173
4	   173   187   188   174
4	   174   188   189   175
4	   175   189   190   176
4	   176   190   191   177
4	   177   191   192   178
4	   178   192   193   179
4	   179   193   194   180
4	   180   194   195   181
4	   181   195   196   182

