data 729 676
           0            0            0
         0.5            0            0
           1            0            0
         1.5            0            0
           2            0            0
         2.5            0            0
           3            0            0
         3.5            0            0
           4            0            0
         4.5            0            0
           5            0            0
         5.5            0            0
           6            0            0
         6.5            0            0
           7            0            0
         7.5            0            0
           8            0            0
         8.5            0            0
           9            0            0
         9.5            0            0
          10            0            0
        10.5            0            0
          11            0            0
        11.5            0            0
          12            0            0
        12.5            0            0
          13            0            0
           0          0.5            0
         0.5          0.5            0
           1          0.5            0
         1.5          0.5            0
           2          0.5            0
         2.5          0.5            0
           3          0.5            0
         3.5          0.5            0
           4          0.5            0
         4.5          0.5            0
           5          0.5            0
         5.5          0.5            0
           6          0.5            0
         6.5          0.5            0
           7          0.5            0
         7.5          0.5            0
           8          0.5            0
         8.5          0.5            0
           9          0.5            0
         9.5          0.5            0
          10          0.5            0
        10.5          0.5            0
          11          0.5            0
        11.5          0.5            0
          12          0.5            0
        12.5          0.5            0
          13          0.5            0
           0            1            0
         0.5            1            0
           1            1            0
         1.5            1            0
           2            1            0
         2.5            1            0
           3            1            0
         3.5            1            0
           4            1            0
         4.5            1            0
           5            1            0
         5.5            1            0
           6            1            0
         6.5            1            0
           7            1            0
         7.5            1            0
           8            1            0
         8.5            1            0
           9            1            0
         9.5            1            0
          10            1            0
        10.5            1            0
          11            1            0
        11.5            1            0
          12            1            0
        12.5            1            0
          13            1            0
           0          1.5            0
         0.5          1.5            0
           1          1.5            0
         1.5          1.5            0
           2          1.5            0
         2.5          1.5            0
           3          1.5            0
         3.5          1.5            0
           4          1.5            0
         4.5          1.5            0
           5          1.5            0
         5.5          1.5            0
           6          1.5            0
         6.5          1.5            0
           7          1.5            0
         7.5          1.5            0
           8          1.5            0
         8.5          1.5            0
           9          1.5            0
         9.5          1.5            0
          10          1.5            0
        10.5          1.5            0
          11          1.5            0
        11.5          1.5            0
          12          1.5            0
        12.5          1.5            0
          13          1.5            0
           0            2            0
         0.5            2            0
           1            2            0
         1.5            2            0
           2            2            0
         2.5            2            0
           3            2            0
         3.5            2            0
           4            2            0
         4.5            2            0
           5            2            0
         5.5            2            0
           6            2            0
         6.5            2            0
           7            2            0
         7.5            2            0
           8            2            0
         8.5            2            0
           9            2            0
         9.5            2            0
          10            2            0
        10.5            2            0
          11            2            0
        11.5            2            0
          12            2            0
        12.5            2            0
          13            2            0
           0          2.5            0
         0.5          2.5            0
           1          2.5            0
         1.5          2.5            0
           2          2.5            0
         2.5          2.5            0
           3          2.5            0
         3.5          2.5            0
           4          2.5            0
         4.5          2.5            0
           5          2.5            0
         5.5          2.5            0
           6          2.5            0
         6.5          2.5            0
           7          2.5            0
         7.5          2.5            0
           8          2.5            0
         8.5          2.5            0
           9          2.5            0
         9.5          2.5            0
          10          2.5            0
        10.5          2.5            0
          11          2.5            0
        11.5          2.5            0
          12          2.5            0
        12.5          2.5            0
          13          2.5            0
           0            3            0
         0.5            3            0
           1            3            0
         1.5            3            0
           2            3            0
         2.5            3            0
           3            3            0
         3.5            3            0
           4            3            0
         4.5            3            0
           5            3            0
         5.5            3            0
           6            3            0
         6.5            3            0
           7            3            0
         7.5            3            0
           8            3            0
         8.5            3            0
           9            3            0
         9.5            3            0
          10            3            0
        10.5            3            0
          11            3            0
        11.5            3            0
          12            3            0
        12.5            3            0
          13            3            0
           0          3.5            0
         0.5          3.5            0
           1          3.5            0
         1.5          3.5            0
           2          3.5            0
         2.5          3.5            0
           3          3.5            0
         3.5          3.5            0
           4          3.5            0
         4.5          3.5            0
           5          3.5            0
         5.5          3.5            0
           6          3.5            0
         6.5          3.5            0
           7          3.5            0
         7.5          3.5            0
           8          3.5            0
         8.5          3.5            0
           9          3.5            0
         9.5          3.5            0
          10          3.5            0
        10.5          3.5            0
          11          3.5            0
        11.5          3.5            0
          12          3.5            0
        12.5          3.5            0
          13          3.5            0
           0            4            0
         0.5            4            0
           1            4            0
         1.5            4            0
           2            4            0
         2.5            4            0
           3            4            0
         3.5            4            0
           4            4            0
         4.5            4            0
           5            4            0
         5.5            4            0
           6            4            0
         6.5            4            0
           7            4            0
         7.5            4            0
           8            4            0
         8.5            4            0
           9            4            0
         9.5            4            0
          10            4            0
        10.5            4            0
          11            4            0
        11.5            4            0
          12            4            0
        12.5            4            0
          13            4            0
           0          4.5            0
         0.5          4.5            0
           1          4.5            0
         1.5          4.5            0
           2          4.5            0
         2.5          4.5            0
           3          4.5            0
         3.5          4.5            0
           4          4.5            0
         4.5          4.5            0
           5          4.5            0
         5.5          4.5            0
           6          4.5            0
         6.5          4.5            0
           7          4.5            0
         7.5          4.5            0
           8          4.5            0
         8.5          4.5            0
           9          4.5            0
         9.5          4.5            0
          10          4.5            0
        10.5          4.5            0
          11          4.5            0
        11.5          4.5            0
          12          4.5            0
        12.5          4.5            0
          13          4.5            0
           0            5            0
         0.5            5            0
           1            5            0
         1.5            5            0
           2            5            0
         2.5            5            0
           3            5            0
         3.5            5            0
           4            5            0
         4.5            5            0
           5            5            0
         5.5            5            0
           6            5            0
         6.5            5            0
           7            5            0
         7.5            5            0
           8            5            0
         8.5            5            0
           9            5            0
         9.5            5            0
          10            5            0
        10.5            5            0
          11            5            0
        11.5            5            0
          12            5            0
        12.5            5            0
          13            5            0
           0          5.5            0
         0.5          5.5            0
           1          5.5            0
         1.5          5.5            0
           2          5.5            0
         2.5          5.5            0
           3          5.5            0
         3.5          5.5            0
           4          5.5            0
         4.5          5.5            0
           5          5.5            0
         5.5          5.5            0
           6          5.5            0
         6.5          5.5            0
           7          5.5            0
         7.5          5.5            0
           8          5.5            0
         8.5          5.5            0
           9          5.5            0
         9.5          5.5            0
          10          5.5            0
        10.5          5.5            0
          11          5.5            0
        11.5          5.5            0
          12          5.5            0
        12.5          5.5            0
          13          5.5            0
           0            6            0
         0.5            6            0
           1            6            0
         1.5            6            0
           2            6            0
         2.5            6            0
           3            6            0
         3.5            6            0
           4            6            0
         4.5            6            0
           5            6            0
         5.5            6            0
           6            6            0
         6.5            6            0
           7            6            0
         7.5            6            0
           8            6            0
         8.5            6            0
           9            6            0
         9.5            6            0
          10            6            0
        10.5            6            0
          11            6            0
        11.5            6            0
          12            6            0
        12.5            6            0
          13            6            0
           0          6.5            0
         0.5          6.5            0
           1          6.5            0
         1.5          6.5            0
           2          6.5            0
         2.5          6.5            0
           3          6.5            0
         3.5          6.5            0
           4          6.5            0
         4.5          6.5            0
           5          6.5            0
         5.5          6.5            0
           6          6.5            0
         6.5          6.5            0
           7          6.5            0
         7.5          6.5            0
           8          6.5            0
         8.5          6.5            0
           9          6.5            0
         9.5          6.5            0
          10          6.5            0
        10.5          6.5            0
          11          6.5            0
        11.5          6.5            0
          12          6.5            0
        12.5          6.5            0
          13          6.5            0
           0            7            0
         0.5            7            0
           1            7            0
         1.5            7            0
           2            7            0
         2.5            7            0
           3            7            0
         3.5            7            0
           4            7            0
         4.5            7            0
           5            7            0
         5.5            7            0
           6            7            0
         6.5            7            0
           7            7            0
         7.5            7            0
           8            7            0
         8.5            7            0
           9            7            0
         9.5            7            0
          10            7            0
        10.5            7            0
          11            7            0
        11.5            7            0
          12            7            0
        12.5            7            0
          13            7            0
           0          7.5            0
         0.5          7.5            0
           1          7.5            0
         1.5          7.5            0
           2          7.5            0
         2.5          7.5            0
           3          7.5            0
         3.5          7.5            0
           4          7.5            0
         4.5          7.5            0
           5          7.5            0
         5.5          7.5            0
           6          7.5            0
         6.5          7.5            0
           7          7.5            0
         7.5          7.5            0
           8          7.5            0
         8.5          7.5            0
           9          7.5            0
         9.5          7.5            0
          10          7.5            0
        10.5          7.5            0
          11          7.5            0
        11.5          7.5            0
          12          7.5            0
        12.5          7.5            0
          13          7.5            0
           0            8            0
         0.5            8            0
           1            8            0
         1.5            8            0
           2            8            0
         2.5            8            0
           3            8            0
         3.5            8            0
           4            8            0
         4.5            8            0
           5            8            0
         5.5            8            0
           6            8            0
         6.5            8            0
           7            8            0
         7.5            8            0
           8            8            0
         8.5            8            0
           9            8            0
         9.5            8            0
          10            8            0
        10.5            8            0
          11            8            0
        11.5            8            0
          12            8            0
        12.5            8            0
          13            8            0
           0          8.5            0
         0.5          8.5            0
           1          8.5            0
         1.5          8.5            0
           2          8.5            0
         2.5          8.5            0
           3          8.5            0
         3.5          8.5            0
           4          8.5            0
         4.5          8.5            0
           5          8.5            0
         5.5          8.5            0
           6          8.5            0
         6.5          8.5            0
           7          8.5            0
         7.5          8.5            0
           8          8.5            0
         8.5          8.5            0
           9          8.5            0
         9.5          8.5            0
          10          8.5            0
        10.5          8.5            0
          11          8.5            0
        11.5          8.5            0
          12          8.5            0
        12.5          8.5            0
          13          8.5            0
           0            9            0
         0.5            9            0
           1            9            0
         1.5            9            0
           2            9            0
         2.5            9            0
           3            9            0
         3.5            9            0
           4            9            0
         4.5            9            0
           5            9            0
         5.5            9            0
           6            9            0
         6.5            9            0
           7            9            0
         7.5            9            0
           8            9            0
         8.5            9            0
           9            9            0
         9.5            9            0
          10            9            0
        10.5            9            0
          11            9            0
        11.5            9            0
          12            9            0
        12.5            9            0
          13            9            0
           0          9.5            0
         0.5          9.5            0
           1          9.5            0
         1.5          9.5            0
           2          9.5            0
         2.5          9.5            0
           3          9.5            0
         3.5          9.5            0
           4          9.5            0
         4.5          9.5            0
           5          9.5            0
         5.5          9.5            0
           6          9.5            0
         6.5          9.5            0
           7          9.5            0
         7.5          9.5            0
           8          9.5            0
         8.5          9.5            0
           9          9.5            0
         9.5          9.5            0
          10          9.5            0
        10.5          9.5            0
          11          9.5            0
        11.5          9.5            0
          12          9.5            0
        12.5          9.5            0
          13          9.5            0
           0           10            0
         0.5           10            0
           1           10            0
         1.5           10            0
           2           10            0
         2.5           10            0
           3           10            0
         3.5           10            0
           4           10            0
         4.5           10            0
           5           10            0
         5.5           10            0
           6           10            0
         6.5           10            0
           7           10            0
         7.5           10            0
           8           10            0
         8.5           10            0
           9           10            0
         9.5           10            0
          10           10            0
        10.5           10            0
          11           10            0
        11.5           10            0
          12           10            0
        12.5           10            0
          13           10            0
           0         10.5            0
         0.5         10.5            0
           1         10.5            0
         1.5         10.5            0
           2         10.5            0
         2.5         10.5            0
           3         10.5            0
         3.5         10.5            0
           4         10.5            0
         4.5         10.5            0
           5         10.5            0
         5.5         10.5            0
           6         10.5            0
         6.5         10.5            0
           7         10.5            0
         7.5         10.5            0
           8         10.5            0
         8.5         10.5            0
           9         10.5            0
         9.5         10.5            0
          10         10.5            0
        10.5         10.5            0
          11         10.5            0
        11.5         10.5            0
          12         10.5            0
        12.5         10.5            0
          13         10.5            0
           0           11            0
         0.5           11            0
           1           11            0
         1.5           11            0
           2           11            0
         2.5           11            0
           3           11            0
         3.5           11            0
           4           11            0
         4.5           11            0
           5           11            0
         5.5           11            0
           6           11            0
         6.5           11            0
           7           11            0
         7.5           11            0
           8           11            0
         8.5           11            0
           9           11            0
         9.5           11            0
          10           11            0
        10.5           11            0
          11           11            0
        11.5           11            0
          12           11            0
        12.5           11            0
          13           11            0
           0         11.5            0
         0.5         11.5            0
           1         11.5            0
         1.5         11.5            0
           2         11.5            0
         2.5         11.5            0
           3         11.5            0
         3.5         11.5            0
           4         11.5            0
         4.5         11.5            0
           5         11.5            0
         5.5         11.5            0
           6         11.5            0
         6.5         11.5            0
           7         11.5            0
         7.5         11.5            0
           8         11.5            0
         8.5         11.5            0
           9         11.5            0
         9.5         11.5            0
          10         11.5            0
        10.5         11.5            0
          11         11.5            0
        11.5         11.5            0
          12         11.5            0
        12.5         11.5            0
          13         11.5            0
           0           12            0
         0.5           12            0
           1           12            0
         1.5           12            0
           2           12            0
         2.5           12            0
           3           12            0
         3.5           12            0
           4           12            0
         4.5           12            0
           5           12            0
         5.5           12            0
           6           12            0
         6.5           12            0
           7           12            0
         7.5           12            0
           8           12            0
         8.5           12            0
           9           12            0
         9.5           12            0
          10           12            0
        10.5           12            0
          11           12            0
        11.5           12            0
          12           12            0
        12.5           12            0
          13           12            0
           0         12.5            0
         0.5         12.5            0
           1         12.5            0
         1.5         12.5            0
           2         12.5            0
         2.5         12.5            0
           3         12.5            0
         3.5         12.5            0
           4         12.5            0
         4.5         12.5            0
           5         12.5            0
         5.5         12.5            0
           6         12.5            0
         6.5         12.5            0
           7         12.5            0
         7.5         12.5            0
           8         12.5            0
         8.5         12.5            0
           9         12.5            0
         9.5         12.5            0
          10         12.5            0
        10.5         12.5            0
          11         12.5            0
        11.5         12.5            0
          12         12.5            0
        12.5         12.5            0
          13         12.5            0
           0           13            0
         0.5           13            0
           1           13            0
         1.5           13            0
           2           13            0
         2.5           13            0
           3           13            0
         3.5           13            0
           4           13            0
         4.5           13            0
           5           13            0
         5.5           13            0
           6           13            0
         6.5           13            0
           7           13            0
         7.5           13            0
           8           13            0
         8.5           13            0
           9           13            0
         9.5           13            0
          10           13            0
        10.5           13            0
          11           13            0
        11.5           13            0
          12           13            0
        12.5           13            0
          13           13            0
4	     1    28    29     2
4	     2    29    30     3
4	     3    30    31     4
4	     4    31    32     5
4	     5    32    33     6
4	     6    33    34     7
4	     7    34    35     8
4	     8    35    36     9
4	     9    36    37    10
4	    10    37    38    11
4	    11    38    39    12
4	    12    39    40    13
4	    13    40    41    14
4	    14    41    42    15
4	    15    42    43    16
4	    16    43    44    17
4	    17    44    45    18
4	    18    45    46    19
4	    19    46    47    20
4	    20    47    48    21
4	    21    48    49    22
4	    22    49    50    23
4	    23    50    51    24
4	    24    51    52    25
4	    25    52    53    26
4	    26    53    54    27
4	    28    55    56    29
4	    29    56    57    30
4	    30    57    58    31
4	    31    58    59    32
4	    32    59    60    33
4	    33    60    61    34
4	    34    61    62    35
4	    35    62    63    36
4	    36    63    64    37
4	    37    64    65    38
4	    38    65    66    39
4	    39    66    67    40
4	    40    67    68    41
4	    41    68    69    42
4	    42    69    70    43
4	    43    70    71    44
4	    44    71    72    45
4	    45    72    73    46
4	    46    73    74    47
4	    47    74    75    48
4	    48    75    76    49
4	    49    76    77    50
4	    50    77    78    51
4	    51    78    79    52
4	    52    79    80    53
4	    53    80    81    54
4	    55    82    83    56
4	    56    83    84    57
4	    57    84    85    58
4	    58    85    86    59
4	    59    86    87    60
4	    60    87    88    61
4	    61    88    89    62
4	    62    89    90    63
4	    63    90    91    64
4	    64    91    92    65
4	    65    92    93    66
4	    66    93    94    67
4	    67    94    95    68
4	    68    95    96    69
4	    69    96    97    70
4	    70    97    98    71
4	    71    98    99    72
4	    72    99   100    73
4	    73   100   101    74
4	    74   101   102    75
4	    75   102   103    76
4	    76   103   104    77
4	    77   104   105    78
4	    78   105   106    79
4	    79   106   107    80
4	    80   107   108    81
4	    82   109   110    83
4	    83   110   111    84
4	    84   111   112    85
4	    85   112   113    86
4	    86   113   114    87
4	    87   114   115    88
4	    88   115   116    89
4	    89   116   117    90
4	    90   117   118    91
4	    91   118   119    92
4	    92   119   120    93
4	    93   120   121    94
4	    94   121   122    95
4	    95   122   123    96
4	    96   123   124    97
4	    97   124   125    98
4	    98   125   126    99
4	    99   126   127   100
4	   100   127   128   101
4	   101   128   129   102
4	   102   129   130   103
4	   103   130   131   104
4	   104   131   132   105
4	   105   132   133   106
4	   106   133   134   107
4	   107   134   135   108
4	   109   136   137   110
4	   110   137   138   111
4	   111   138   139   112
4	   112   139   140   113
4	   113   140   141   114
4	   114   141   142   115
4	   115   142   143   116
4	   116   143   144   117
4	   117   144   145   118
4	   118   145   146   119
4	   119   146   147   120
4	   120   147   148   121
4	   121   148   149   122
4	   122   149   150   123
4	   123   150   151   124
4	   124   151   152   125
4	   125   152   153   126
4	   126   153   154   127
4	   127   154   155   128
4	   128   155   156   129
4	   129   156   157   130
4	   130   157   158   131
4	   131   158   159   132
4	   132   159   160   133
4	   133   160   161   134
4	   134   161   162   135
4	   136   163   164   137
4	   137   164   165   138
4	   138   165   166   139
4	   139   166   167   140
4	   140   167   168   141
4	   141   168   169   142
4	   142   169   170   143
4	   143   170   171   144
4	   144   171   172   145
4	   145   172   173   146
4	   146   173   174   147
4	   147   174   175   148
4	   148   175   176   149
4	   149   176   177   150
4	   150   177   178   151
4	   151   178   179   152
4	   152   179   180   153
4	   153   180   181   154
4	   154   181   182   155
4	   155   182   183   156
4	   156   183   184   157
4	   157   184   185   158
4	   158   185   186   159
4	   159   186   187   160
4	   160   187   188   161
4	   161   188   189   162
4	   163   190   191   164
4	   164   191   192   165
4	   165   192   193   166
4	   166   193   194   167
4	   167   194   195   168
4	   168   195   196   169
4	   169   196   197   170
4	   170   197   198   171
4	   171   198   199   172
4	   172   199   200   173
4	   173   200   201   174
4	   174   201   202   175
4	   175   202   203   176
4	   176   203   204   177
4	   177   204   205   178
4	   178   205   206   179
4	   179   206   207   180
4	   180   207   208   181
4	   181   208   209   182
4	   182   209   210   183
4	   183   210   211   184
4	   184   211   212   185
4	   185   212   213   186
4	   186   213   214   187
4	   187   214   215   188
4	   188   215   216   189
4	   190   217   218   191
4	   191   218   219   192
4	   192   219   220   193
4	   193   220   221   194
4	   194   221   222   195
4	   195   222   223   196
4	   196   223   224   197
4	   197   224   225   198
4	   198   225   226   199
4	   199   226   227   200
4	   200   227   228   201
4	   201   228   229   202
4	   202   229   230   203
4	   203   230   231   204
4	   204   231   232   205
4	   205   232   233   206
4	   206   233   234   207
4	   207   234   235   208
4	   208   235   236   209
4	   209   236   237   210
4	   210   237   238   211
4	   211   238   239   212
4	   212   239   240   213
4	   213   240   241   214
4	   214   241   242   215
4	   215   242   243   216
4	   217   244   245   218
4	   218   245   246   219
4	   219   246   247   220
4	   220   247   248   221
4	   221   248   249   222
4	   222   249   250   223
4	   223   250   251   224
4	   224   251   252   225
4	   225   252   253   226
4	   226   253   254   227
4	   227   254   255   228
4	   228   255   256   229
4	   229   256   257   230
4	   230   257   258   231
4	   231   258   259   232
4	   232   259   260   233
4	   233   260   261   234
4	   234   261   262   235
4	   235   262   263   236
4	   236   263   264   237
4	   237   264   265   238
4	   238   265   266   239
4	   239   266   267   240
4	   240   267   268   241
4	   241   268   269   242
4	   242   269   270   243
4	   244   271   272   245
4	   245   272   273   246
4	   246   273   274   247
4	   247   274   275   248
4	   248   275   276   249
4	   249   276   277   250
4	   250   277   278   251
4	   251   278   279   252
4	   252   279   280   253
4	   253   280   281   254
4	   254   281   282   255
4	   255   282   283   256
4	   256   283   284   257
4	   257   284   285   258
4	   258   285   286   259
4	   259   286   287   260
4	   260   287   288   261
4	   261   288   289   262
4	   262   289   290   263
4	   263   290   291   264
4	   264   291   292   265
4	   265   292   293   266
4	   266   293   294   267
4	   267   294   295   268
4	   268   295   296   269
4	   269   296   297   270
4	   271   298   299   272
4	   272   299   300   273
4	   273   300   301   274
4	   274   301   302   275
4	   275   302   303   276
4	   276   303   304   277
4	   277   304   305   278
4	   278   305   306   279
4	   279   306   307   280
4	   280   307   308   281
4	   281   308   309   282
4	   282   309   310   283
4	   283   310   311   284
4	   284   311   312   285
4	   285   312   313   286
4	   286   313   314   287
4	   287   314   315   288
4	   288   315   316   289
4	   289   316   317   290
4	   290   317   318   291
4	   291   318   319   292
4	   292   319   320   293
4	   293   320   321   294
4	   294   321   322   295
4	   295   322   323   296
4	   296   323   324   297
4	   298   325   326   299
4	   299   326   327   300
4	   300   327   328   301
4	   301   328   329   302
4	   302   329   330   303
4	   303   330   331   304
4	   304   331   332   305
4	   305   332   333   306
4	   306   333   334   307
4	   307   334   335   308
4	   308   335   336   309
4	   309   336   337   310
4	   310   337   338   311
4	   311   338   339   312
4	   312   339   340   313
4	   313   340   341   314
4	   314   341   342   315
4	   315   342   343   316
4	   316   343   344   317
4	   317   344   345   318
4	   318   345   346   319
4	   319   346   347   320
4	   320   347   348   321
4	   321   348   349   322
4	   322   349   350   323
4	   323   350   351   324
4	   325   352   353   326
4	   326   353   354   327
4	   327   354   355   328
4	   328   355   356   329
4	   329   356   357   330
4	   330   357   358   331
4	   331   358   359   332
4	   332   359   360   333
4	   333   360   361   334
4	   334   361   362   335
4	   335   362   363   336
4	   336   363   364   337
4	   337   364   365   338
4	   338   365   366   339
4	   339   366   367   340
4	   340   367   368   341
4	   341   368   369   342
4	   342   369   370   343
4	   343   370   371   344
4	   344   371   372   345
4	   345   372   373   346
4	   346   373   374   347
4	   347   374   375   348
4	   348   375   376   349
4	   349   376   377   350
4	   350   377   378   351
4	   352   379   380   353
4	   353   380   381   354
4	   354   381   382   355
4	   355   382   383   356
4	   356   383   384   357
4	   357   384   385   358
4	   358   385   386   359
4	   359   386   387   360
4	   360   387   388   361
4	   361   388   389   362
4	   362   389   390   363
4	   363   390   391   364
4	   364   391   392   365
4	   365   392   393   366
4	   366   393   394   367
4	   367   394   395   368
4	   368   395   396   369
4	   369   396   397   370
4	   370   397   398   371
4	   371   398   399   372
4	   372   399   400   373
4	   373   400   401   374
4	   374   401   402   375
4	   375   402   403   376
4	   376   403   404   377
4	   377   404   405   378
4	   379   406   407   380
4	   380   407   408   381
4	   381   408   409   382
4	   382   409   410   383
4	   383   410   411   384
4	   384   411   412   385
4	   385   412   413   386
4	   386   413   414   387
4	   387   414   415   388
4	   388   415   416   389
4	   389   416   417   390
4	   390   417   418   391
4	   391   418   419   392
4	   392   419   420   393
4	   393   420   421   394
4	   394   421   422   395
4	   395   422   423   396
4	   396   423   424   397
4	   397   424   425   398
4	   398   425   426   399
4	   399   426   427   400
4	   400   427   428   401
4	   401   428   429   402
4	   402   429   430   403
4	   403   430   431   404
4	   404   431   432   405
4	   406   433   434   407
4	   407   434   435   408
4	   408   435   436   409
4	   409   436   437   410
4	   410   437   438   411
4	   411   438   439   412
4	   412   439   440   413
4	   413   440   441   414
4	   414   441   442   415
4	   415   442   443   416
4	   416   443   444   417
4	   417   444   445   418
4	   418   445   446   419
4	   419   446   447   420
4	   420   447   448   421
4	   421   448   449   422
4	   422   449   450   423
4	   423   450   451   424
4	   424   451   452   425
4	   425   452   453   426
4	   426   453   454   427
4	   427   454   455   428
4	   428   455   456   429
4	   429   456   457   430
4	   430   457   458   431
4	   431   458   459   432
4	   433   460   461   434
4	   434   461   462   435
4	   435   462   463   436
4	   436   463   464   437
4	   437   464   465   438
4	   438   465   466   439
4	   439   466   467   440
4	   440   467   468   441
4	   441   468   469   442
4	   442   469   470   443
4	   443   470   471   444
4	   444   471   472   445
4	   445   472   473   446
4	   446   473   474   447
4	   447   474   475   448
4	   448   475   476   449
4	   449   476   477   450
4	   450   477   478   451
4	   451   478   479   452
4	   452   479   480   453
4	   453   480   481   454
4	   454   481   482   455
4	   455   482   483   456
4	   456   483   484   457
4	   457   484   485   458
4	   458   485   486   459
4	   460   487   488   461
4	   461   488   489   462
4	   462   489   490   463
4	   463   490   491   464
4	   464   491   492   465
4	   465   492   493   466
4	   466   493   494   467
4	   467   494   495   468
4	   468   495   496   469
4	   469   496   497   470
4	   470   497   498   471
4	   471   498   499   472
4	   472   499   500   473
4	   473   500   501   474
4	   474   501   502   475
4	   475   502   503   476
4	   476   503   504   477
4	   477   504   505   478
4	   478   505   506   479
4	   479   506   507   480
4	   480   507   508   481
4	   481   508   509   482
4	   482   509   510   483
4	   483   510   511   484
4	   484   511   512   485
4	   485   512   513   486
4	   487   514   515   488
4	   488   515   516   489
4	   489   516   517   490
4	   490   517   518   491
4	   491   518   519   492
4	   492   519   520   493
4	   493   520   521   494
4	   494   521   522   495
4	   495   522   523   496
4	   496   523   524   497
4	   497   524   525   498
4	   498   525   526   499
4	   499   526   527   500
4	   500   527   528   501
4	   501   528   529   502
4	   502   529   530   503
4	   503   530   531   504
4	   504   531   532   505
4	   505   532   533   506
4	   506   533   534   507
4	   507   534   535   508
4	   508   535   536   509
4	   509   536   537   510
4	   510   537   538   511
4	   511   538   539   512
4	   512   539   540   513
4	   514   541   542   515
4	   515   542   543   516
4	   516   543   544   517
4	   517   544   545   518
4	   518   545   546   519
4	   519   546   547   520
4	   520   547   548   521
4	   521   548   549   522
4	   522   549   550   523
4	   523   550   551   524
4	   524   551   552   525
4	   525   552   553   526
4	   526   553   554   527
4	   527   554   555   528
4	   528   555   556   529
4	   529   556   557   530
4	   530   557   558   531
4	   531   558   559   532
4	   532   559   560   533
4	   533   560   561   534
4	   534   561   562   535
4	   535   562   563   536
4	   536   563   564   537
4	   537   564   565   538
4	   538   565   566   539
4	   539   566   567   540
4	   541   568   569   542
4	   542   569   570   543
4	   543   570   571   544
4	   544   571   572   545
4	   545   572   573   546
4	   546   573   574   547
4	   547   574   575   548
4	   548   575   576   549
4	   549   576   577   550
4	   550   577   578   551
4	   551   578   579   552
4	   552   579   580   553
4	   553   580   581   554
4	   554   581   582   555
4	   555   582   583   556
4	   556   583   584   557
4	   557   584   585   558
4	   558   585   586   559
4	   559   586   587   560
4	   560   587   588   561
4	   561   588   589   562
4	   562   589   590   563
4	   563   590   591   564
4	   564   591   592   565
4	   565   592   593   566
4	   566   593   594   567
4	   568   595   596   569
4	   569   596   597   570
4	   570   597   598   571
4	   571   598   599   572
4	   572   599   600   573
4	   573   600   601   574
4	   574   601   602   575
4	   575   602   603   576
4	   576   603   604   577
4	   577   604   605   578
4	   578   605   606   579
4	   579   606   607   580
4	   580   607   608   581
4	   581   608   609   582
4	   582   609   610   583
4	   583   610   611   584
4	   584   611   612   585
4	   585   612   613   586
4	   586   613   614   587
4	   587   614   615   588
4	   588   615   616   589
4	   589   616   617   590
4	   590   617   618   591
4	   591   618   619   592
4	   592   619   620   593
4	   593   620   621   594
4	   595   622   623   596
4	   596   623   624   597
4	   597   624   625   598
4	   598   625   626   599
4	   599   626   627   600
4	   600   627   628   601
4	   601   628   629   602
4	   602   629   630   603
4	   603   630   631   604
4	   604   631   632   605
4	   605   632   633   606
4	   606   633   634   607
4	   607   634   635   608
4	   608   635   636   609
4	   609   636   637   610
4	   610   637   638   611
4	   611   638   639   612
4	   612   639   640   613
4	   613   640   641   614
4	   614   641   642   615
4	   615   642   643   616
4	   616   643   644   617
4	   617   644   645   618
4	   618   645   646   619
4	   619   646   647   620
4	   620   647   648   621
4	   622   649   650   623
4	   623   650   651   624
4	   624   651   652   625
4	   625   652   653   626
4	   626   653   654   627
4	   627   654   655   628
4	   628   655   656   629
4	   629   656   657   630
4	   630   657   658   631
4	   631   658   659   632
4	   632   659   660   633
4	   633   660   661   634
4	   634   661   662   635
4	   635   662   663   636
4	   636   663   664   637
4	   637   664   665   638
4	   638   665   666   639
4	   639   666   667   640
4	   640   667   668   641
4	   641   668   669   642
4	   642   669   670   643
4	   643   670   671   644
4	   644   671   672   645
4	   645   672   673   646
4	   646   673   674   647
4	   647   674   675   648
4	   649   676   677   650
4	   650   677   678   651
4	   651   678   679   652
4	   652   679   680   653
4	   653   680   681   654
4	   654   681   682   655
4	   655   682   683   656
4	   656   683   684   657
4	   657   684   685   658
4	   658   685   686   659
4	   659   686   687   660
4	   660   687   688   661
4	   661   688   689   662
4	   662   689   690   663
4	   663   690   691   664
4	   664   691   692   665
4	   665   692   693   666
4	   666   693   694   667
4	   667   694   695   668
4	   668   695   696   669
4	   669   696   697   670
4	   670   697   698   671
4	   671   698   699   672
4	   672   699   700   673
4	   673   700   701   674
4	   674   701   702   675
4	   676   703   704   677
4	   677   704   705   678
4	   678   705   706   679
4	   679   706   707   680
4	   680   707   708   681
4	   681   708   709   682
4	   682   709   710   683
4	   683   710   711   684
4	   684   711   712   685
4	   685   712   713   686
4	   686   713   714   687
4	   687   714   715   688
4	   688   715   716   689
4	   689   716   717   690
4	   690   717   718   691
4	   691   718   719   692
4	   692   719   720   693
4	   693   720   721   694
4	   694   721   722   695
4	   695   722   723   696
4	   696   723   724   697
4	   697   724   725   698
4	   698   725   726   699
4	   699   726   727   700
4	   700   727   728   701
4	   701   728   729   702

