 147 153
 -0.00350918            1  -0.00348204
         0.1     0.998989    0.0992512
    0.099123     0.980808    0.0983807
   0.0780701     0.979798    0.0774852
   0.0859655     0.960606    0.0853219
   0.0850885     0.950504    0.0844514
   0.0719299     0.946464    0.0713905
-0.000877023     0.946464 -0.000870509
  0.00349051            1  -0.00350835
  -0.0994841     0.998989          0.1
  -0.0986115     0.980808    0.0991229
  -0.0776673     0.979798    0.0780695
   -0.085522     0.960606    0.0859655
  -0.0846494     0.950504    0.0850884
  -0.0715589     0.946464    0.0719288
 0.000872626     0.946464 -0.000877087
  0.00350917            1   0.00348204
        -0.1     0.998989   -0.0992512
   -0.099123     0.980808   -0.0983807
  -0.0780701     0.979798   -0.0774852
  -0.0859655     0.960606   -0.0853219
  -0.0850885     0.950504   -0.0844514
  -0.0719299     0.946464   -0.0713905
 0.000877016     0.946464  0.000870509
 -0.00349052            1   0.00350835
   0.0994841     0.998989         -0.1
   0.0986115     0.980808   -0.0991229
   0.0776673     0.979798   -0.0780695
    0.085522     0.960606   -0.0859655
   0.0846494     0.950504   -0.0850884
   0.0715589     0.946464   -0.0719288
-0.000872633     0.946464  0.000877087
 -3.4611e-09     0.947475 -2.25099e-10
   0.0734424     0.943433 -2.25099e-10
   0.0686534     0.914141 -2.25099e-10
    0.052687       0.9101 -2.25099e-10
    0.054283     0.856566 -2.25099e-10
   0.0598722     0.747475 -2.25099e-10
   0.0646613          0.6 -2.25099e-10
   0.0702494     0.457576 -2.25099e-10
   0.0710474     0.307071 -2.25099e-10
   0.0702494     0.186869 -2.25099e-10
   0.0670563     0.136364 -2.25099e-10
 -3.4611e-09     0.140404 -2.25099e-10
   0.0594156     0.943433    0.0431176
   0.0555409     0.914141    0.0403054
   0.0426249       0.9101    0.0309327
   0.0439157     0.856566    0.0318701
    0.048437     0.747475    0.0351504
   0.0523116          0.6    0.0379625
   0.0568328     0.457576    0.0412428
   0.0574783     0.307071    0.0417121
   0.0568328     0.186869    0.0412428
   0.0542501     0.136364    0.0393692
   0.0226949     0.943433    0.0697657
   0.0212153     0.914141    0.0652158
   0.0162814       0.9101    0.0500499
   0.0167742     0.856566    0.0515662
   0.0185019     0.747475    0.0568747
   0.0199816          0.6    0.0614246
   0.0217082     0.457576    0.0667332
   0.0219551     0.307071    0.0674908
   0.0217082     0.186869    0.0667332
   0.0207214     0.136364    0.0636996
  -0.0226949     0.943433    0.0697657
  -0.0212153     0.914141    0.0652158
  -0.0162814       0.9101    0.0500499
  -0.0167742     0.856566    0.0515662
  -0.0185019     0.747475    0.0568747
  -0.0199816          0.6    0.0614246
  -0.0217082     0.457576    0.0667332
  -0.0219551     0.307071    0.0674908
  -0.0217082     0.186869    0.0667332
  -0.0207214     0.136364    0.0636996
  -0.0594156     0.943433    0.0431176
  -0.0555409     0.914141    0.0403054
  -0.0426249       0.9101    0.0309327
  -0.0439157     0.856566    0.0318701
   -0.048437     0.747475    0.0351504
  -0.0523117          0.6    0.0379625
  -0.0568329     0.457576    0.0412428
  -0.0574783     0.307071    0.0417121
  -0.0568329     0.186869    0.0412428
  -0.0542501     0.136364    0.0393692
  -0.0734424     0.943433 -2.25099e-10
  -0.0686534     0.914141 -2.25099e-10
   -0.052687       0.9101 -2.25099e-10
   -0.054283     0.856566 -2.25099e-10
  -0.0598722     0.747475 -2.25099e-10
  -0.0646613          0.6 -2.25099e-10
  -0.0702494     0.457576 -2.25099e-10
  -0.0710474     0.307071 -2.25099e-10
  -0.0702494     0.186869 -2.25099e-10
  -0.0670563     0.136364 -2.25099e-10
  -0.0594156     0.943433   -0.0431176
  -0.0555409     0.914141   -0.0403054
  -0.0426249       0.9101   -0.0309327
  -0.0439157     0.856566   -0.0318701
   -0.048437     0.747475   -0.0351504
  -0.0523117          0.6   -0.0379625
  -0.0568329     0.457576   -0.0412428
  -0.0574783     0.307071   -0.0417121
  -0.0568329     0.186869   -0.0412428
  -0.0542501     0.136364   -0.0393692
  -0.0226949     0.943433   -0.0697657
  -0.0212153     0.914141   -0.0652158
  -0.0162814       0.9101   -0.0500499
  -0.0167742     0.856566   -0.0515662
  -0.0185019     0.747475   -0.0568747
  -0.0199816          0.6   -0.0614246
  -0.0217082     0.457576   -0.0667332
  -0.0219551     0.307071   -0.0674908
  -0.0217082     0.186869   -0.0667332
  -0.0207214     0.136364   -0.0636996
   0.0226949     0.943433   -0.0697657
   0.0212153     0.914141   -0.0652158
   0.0162814       0.9101   -0.0500499
   0.0167742     0.856566   -0.0515662
   0.0185019     0.747475   -0.0568747
   0.0199816          0.6   -0.0614246
   0.0217082     0.457576   -0.0667332
   0.0219551     0.307071   -0.0674908
   0.0217082     0.186869   -0.0667332
   0.0207214     0.136364   -0.0636996
   0.0594156     0.943433   -0.0431176
   0.0555409     0.914141   -0.0403054
   0.0426249       0.9101   -0.0309327
   0.0439157     0.856566   -0.0318701
    0.048437     0.747475   -0.0351504
   0.0523116          0.6   -0.0379625
   0.0568328     0.457576   -0.0412428
   0.0574783     0.307071   -0.0417121
   0.0568328     0.186869   -0.0412428
   0.0542501     0.136364   -0.0393681
  0.00148072     0.136364   0.00145487
   0.0791941     0.135354    0.0778568
   0.0777134   2.0696e-09    0.0764009
 -3.4611e-09   2.0696e-09 -2.25099e-10
  -0.0014456     0.136364   0.00146693
  -0.0773347     0.135354    0.0784796
  -0.0758891   2.0696e-09    0.0770126
 -0.00148073     0.136364  -0.00145487
  -0.0791941     0.135354   -0.0778568
  -0.0777134   2.0696e-09   -0.0764009
   0.0014456     0.136364  -0.00146693
   0.0773347     0.135354   -0.0784796
   0.0758891   2.0696e-09   -0.0770126
4	     1     2    10     9
4	     2     3    11    10
4	     3     4    12    11
4	     4     5    13    12
4	     5     6    14    13
4	     6     7    15    14
4	     7     8    16    15
4	     9    10    18    17
4	    10    11    19    18
4	    11    12    20    19
4	    12    13    21    20
4	    13    14    22    21
4	    14    15    23    22
4	    15    16    24    23
4	    17    18    26    25
4	    18    19    27    26
4	    19    20    28    27
4	    20    21    29    28
4	    21    22    30    29
4	    22    23    31    30
4	    23    24    32    31
4	    25    26     2     1
4	    26    27     3     2
4	    27    28     4     3
4	    28    29     5     4
4	    29    30     6     5
4	    30    31     7     6
4	    31    32     8     7
4	     1     9    17    25
4	    32    24    16     8
3	    33    34    45
4	    34    35    46    45
4	    35    36    47    46
4	    36    37    48    47
4	    37    38    49    48
4	    38    39    50    49
4	    39    40    51    50
4	    40    41    52    51
4	    41    42    53    52
4	    42    43    54    53
3	    43    44    54
3	    33    45    55
4	    45    46    56    55
4	    46    47    57    56
4	    47    48    58    57
4	    48    49    59    58
4	    49    50    60    59
4	    50    51    61    60
4	    51    52    62    61
4	    52    53    63    62
4	    53    54    64    63
3	    54    44    64
3	    33    55    65
4	    55    56    66    65
4	    56    57    67    66
4	    57    58    68    67
4	    58    59    69    68
4	    59    60    70    69
4	    60    61    71    70
4	    61    62    72    71
4	    62    63    73    72
4	    63    64    74    73
3	    64    44    74
3	    33    65    75
4	    65    66    76    75
4	    66    67    77    76
4	    67    68    78    77
4	    68    69    79    78
4	    69    70    80    79
4	    70    71    81    80
4	    71    72    82    81
4	    72    73    83    82
4	    73    74    84    83
3	    74    44    84
3	    33    75    85
4	    75    76    86    85
4	    76    77    87    86
4	    77    78    88    87
4	    78    79    89    88
4	    79    80    90    89
4	    80    81    91    90
4	    81    82    92    91
4	    82    83    93    92
4	    83    84    94    93
3	    84    44    94
3	    33    85    95
4	    85    86    96    95
4	    86    87    97    96
4	    87    88    98    97
4	    88    89    99    98
4	    89    90   100    99
4	    90    91   101   100
4	    91    92   102   101
4	    92    93   103   102
4	    93    94   104   103
3	    94    44   104
3	    33    95   105
4	    95    96   106   105
4	    96    97   107   106
4	    97    98   108   107
4	    98    99   109   108
4	    99   100   110   109
4	   100   101   111   110
4	   101   102   112   111
4	   102   103   113   112
4	   103   104   114   113
3	   104    44   114
3	    33   105   115
4	   105   106   116   115
4	   106   107   117   116
4	   107   108   118   117
4	   108   109   119   118
4	   109   110   120   119
4	   110   111   121   120
4	   111   112   122   121
4	   112   113   123   122
4	   113   114   124   123
3	   114    44   124
3	    33   115   125
4	   115   116   126   125
4	   116   117   127   126
4	   117   118   128   127
4	   118   119   129   128
4	   119   120   130   129
4	   120   121   131   130
4	   121   122   132   131
4	   122   123   133   132
4	   123   124   134   133
3	   124    44   134
3	    33   125    34
4	   125   126    35    34
4	   126   127    36    35
4	   127   128    37    36
4	   128   129    38    37
4	   129   130    39    38
4	   130   131    40    39
4	   131   132    41    40
4	   132   133    42    41
4	   133   134    43    42
3	   134    44    43
4	   135   136   140   139
4	   136   137   141   140
3	   137   138   141
4	   139   140   143   142
4	   140   141   144   143
3	   141   138   144
4	   142   143   146   145
4	   143   144   147   146
3	   144   138   147
4	   145   146   136   135
4	   146   147   137   136
3	   147   138   137
4	   135   139   142   145

