data 16 13
   0.0024282    -0.778246   0.00238657
    0.129868    -0.779883     0.127823
     0.12744    -0.999157     0.125433
           0    -0.999157 -2.14577e-06
  -0.0023706    -0.778246   0.00240624
   -0.126819    -0.779883     0.128845
   -0.124448    -0.999157     0.126437
           0    -0.999157 -2.14577e-06
  -0.0024282    -0.778246  -0.00239074
   -0.129868    -0.779883    -0.127827
    -0.12744    -0.999157    -0.125437
           0    -0.999157 -2.14577e-06
   0.0023706    -0.778246  -0.00241041
    0.126819    -0.779883     -0.12885
    0.124448    -0.999157    -0.126441
           0    -0.999157 -2.14577e-06
4	     1     2     6     5
4	     2     3     7     6
3	     3     4     7
4	     5     6    10     9
4	     6     7    11    10
3	     7     4    11
4	     9    10    14    13
4	    10    11    15    14
3	    11     4    15
4	    13    14     2     1
4	    14    15     3     2
3	    15     4     3
4	     1     5     9    13

