data 152 141
  -0.0057546     0.620845  -0.00571895
    0.163987     0.619207     0.162952
    0.162549     0.589754     0.161512
    0.128025     0.588117     0.127213
    0.140972     0.557026     0.140079
    0.139534     0.540662      0.13865
    0.117956     0.534117     0.117207
  -0.0014382     0.534117  -0.00143135
    0.005724     0.620845   -0.0057621
   -0.163141     0.619207     0.164176
    -0.16171     0.589754     0.162736
   -0.127364     0.588117     0.128172
   -0.140245     0.557026     0.141136
   -0.138814     0.540662     0.139696
   -0.117347     0.534117     0.118091
    0.001431     0.534117  -0.00144207
   0.0057546     0.620845   0.00571477
   -0.163987     0.619207    -0.162952
   -0.162549     0.589754    -0.161523
   -0.128025     0.588117    -0.127217
   -0.140972     0.557026    -0.140084
   -0.139534     0.540662    -0.138654
   -0.117956     0.534117    -0.117211
   0.0014382     0.534117   0.00142717
   -0.005724     0.620845   0.00575793
    0.163141     0.619207    -0.164182
     0.16171     0.589754    -0.162742
    0.127364     0.588117    -0.128177
    0.140245     0.557026     -0.14114
    0.138814     0.540662      -0.1397
    0.117347     0.534117    -0.118095
   -0.001431     0.534117    0.0014379
           0     0.535754 -2.14577e-06
    0.120436     0.529207 -2.14577e-06
    0.112583     0.481754 -2.14577e-06
      0.0864     0.475207 -2.14577e-06
   0.0890172     0.388481 -2.14577e-06
   0.0981828     0.211754 -2.14577e-06
    0.106036    -0.027155 -2.14577e-06
      0.1152    -0.257883 -2.14577e-06
    0.116509    -0.501702 -2.14577e-06
      0.1152    -0.696429 -2.14577e-06
    0.109964    -0.778246 -2.14577e-06
           0    -0.771702 -2.14577e-06
           0     0.535754 -2.14577e-06
    0.097434     0.529207    0.0707884
     0.09108     0.481754    0.0661713
   0.0698994     0.475207    0.0507832
   0.0720162     0.388481     0.052322
   0.0794304     0.211754    0.0577078
   0.0857844    -0.027155    0.0623246
   0.0931986    -0.257883    0.0677103
    0.094257    -0.501702    0.0684806
   0.0931986    -0.696429    0.0677103
   0.0889632    -0.778246    0.0646342
           0    -0.771702 -2.14577e-06
           0     0.535754 -2.14577e-06
   0.0372168     0.529207     0.114539
   0.0347904     0.481754     0.107069
   0.0266994     0.475207    0.0821697
   0.0275076     0.388481    0.0846591
   0.0303408     0.211754    0.0933747
   0.0327672    -0.027155     0.100845
   0.0355986    -0.257883      0.10956
   0.0360036    -0.501702     0.110804
   0.0355986    -0.696429      0.10956
   0.0339804    -0.778246      0.10458
           0    -0.771702 -2.14577e-06
           0     0.535754 -2.14577e-06
  -0.0372168     0.529207     0.114539
  -0.0347904     0.481754     0.107069
  -0.0266994     0.475207    0.0821697
  -0.0275076     0.388481    0.0846591
  -0.0303408     0.211754    0.0933747
  -0.0327672    -0.027155     0.100845
  -0.0355986    -0.257883      0.10956
  -0.0360036    -0.501702     0.110804
  -0.0355986    -0.696429      0.10956
  -0.0339804    -0.778246      0.10458
           0    -0.771702 -2.14577e-06
           0     0.535754 -2.14577e-06
   -0.097434     0.529207    0.0707884
    -0.09108     0.481754    0.0661713
  -0.0698994     0.475207    0.0507832
  -0.0720162     0.388481     0.052322
  -0.0794304     0.211754    0.0577078
  -0.0857844    -0.027155    0.0623246
  -0.0931986    -0.257883    0.0677103
   -0.094257    -0.501702    0.0684806
  -0.0931986    -0.696429    0.0677103
  -0.0889632    -0.778246    0.0646342
           0    -0.771702 -2.14577e-06
           0     0.535754 -2.14577e-06
   -0.120436     0.529207 -2.14577e-06
   -0.112583     0.481754 -2.14577e-06
     -0.0864     0.475207 -2.14577e-06
  -0.0890172     0.388481 -2.14577e-06
  -0.0981828     0.211754 -2.14577e-06
   -0.106036    -0.027155 -2.14577e-06
     -0.1152    -0.257883 -2.14577e-06
   -0.116509    -0.501702 -2.14577e-06
     -0.1152    -0.696429 -2.14577e-06
   -0.109964    -0.778246 -2.14577e-06
           0    -0.771702 -2.14577e-06
           0     0.535754 -2.14577e-06
   -0.097434     0.529207   -0.0707926
    -0.09108     0.481754   -0.0661755
  -0.0698994     0.475207   -0.0507873
  -0.0720162     0.388481   -0.0523262
  -0.0794304     0.211754    -0.057712
  -0.0857844    -0.027155   -0.0623288
  -0.0931986    -0.257883   -0.0677145
   -0.094257    -0.501702   -0.0684848
  -0.0931986    -0.696429   -0.0677145
  -0.0889632    -0.778246   -0.0646384
           0    -0.771702 -2.14577e-06
           0     0.535754 -2.14577e-06
  -0.0372168     0.529207    -0.114543
  -0.0347904     0.481754    -0.107073
  -0.0266994     0.475207   -0.0821738
  -0.0275076     0.388481   -0.0846633
  -0.0303408     0.211754   -0.0933789
  -0.0327672    -0.027155    -0.100849
  -0.0355986    -0.257883    -0.109564
  -0.0360036    -0.501702    -0.110808
  -0.0355986    -0.696429    -0.109564
  -0.0339804    -0.778246    -0.104584
           0    -0.771702 -2.14577e-06
           0     0.535754 -2.14577e-06
   0.0372168     0.529207    -0.114543
   0.0347904     0.481754    -0.107073
   0.0266994     0.475207   -0.0821738
   0.0275076     0.388481   -0.0846633
   0.0303408     0.211754   -0.0933789
   0.0327672    -0.027155    -0.100849
   0.0355986    -0.257883    -0.109564
   0.0360036    -0.501702    -0.110808
   0.0355986    -0.696429    -0.109564
   0.0339804    -0.778246    -0.104584
           0    -0.771702 -2.14577e-06
           0     0.535754 -2.14577e-06
    0.097434     0.529207   -0.0707926
     0.09108     0.481754   -0.0661755
   0.0698994     0.475207   -0.0507873
   0.0720162     0.388481   -0.0523262
   0.0794304     0.211754    -0.057712
   0.0857844    -0.027155   -0.0623288
   0.0931986    -0.257883   -0.0677145
    0.094257    -0.501702   -0.0684848
   0.0931986    -0.696429   -0.0677145
   0.0889632    -0.778246   -0.0646365
           0    -0.771702 -2.14577e-06
4	     1     2    10     9
4	     2     3    11    10
4	     3     4    12    11
4	     4     5    13    12
4	     5     6    14    13
4	     6     7    15    14
4	     7     8    16    15
4	     9    10    18    17
4	    10    11    19    18
4	    11    12    20    19
4	    12    13    21    20
4	    13    14    22    21
4	    14    15    23    22
4	    15    16    24    23
4	    17    18    26    25
4	    18    19    27    26
4	    19    20    28    27
4	    20    21    29    28
4	    21    22    30    29
4	    22    23    31    30
4	    23    24    32    31
4	    25    26     2     1
4	    26    27     3     2
4	    27    28     4     3
4	    28    29     5     4
4	    29    30     6     5
4	    30    31     7     6
4	    31    32     8     7
4	     1     9    17    25
4	    32    24    16     8
3	    33    34    46
4	    34    35    47    46
4	    35    36    48    47
4	    36    37    49    48
4	    37    38    50    49
4	    38    39    51    50
4	    39    40    52    51
4	    40    41    53    52
4	    41    42    54    53
4	    42    43    55    54
3	    43    44    55
3	    33    46    58
4	    46    47    59    58
4	    47    48    60    59
4	    48    49    61    60
4	    49    50    62    61
4	    50    51    63    62
4	    51    52    64    63
4	    52    53    65    64
4	    53    54    66    65
4	    54    55    67    66
3	    55    44    67
3	    33    58    70
4	    58    59    71    70
4	    59    60    72    71
4	    60    61    73    72
4	    61    62    74    73
4	    62    63    75    74
4	    63    64    76    75
4	    64    65    77    76
4	    65    66    78    77
4	    66    67    79    78
3	    67    44    79
3	    33    70    82
4	    70    71    83    82
4	    71    72    84    83
4	    72    73    85    84
4	    73    74    86    85
4	    74    75    87    86
4	    75    76    88    87
4	    76    77    89    88
4	    77    78    90    89
4	    78    79    91    90
3	    79    44    91
3	    33    82    94
4	    82    83    95    94
4	    83    84    96    95
4	    84    85    97    96
4	    85    86    98    97
4	    86    87    99    98
4	    87    88   100    99
4	    88    89   101   100
4	    89    90   102   101
4	    90    91   103   102
3	    91    44   103
3	    33    94   106
4	    94    95   107   106
4	    95    96   108   107
4	    96    97   109   108
4	    97    98   110   109
4	    98    99   111   110
4	    99   100   112   111
4	   100   101   113   112
4	   101   102   114   113
4	   102   103   115   114
3	   103    44   115
3	    33   106   118
4	   106   107   119   118
4	   107   108   120   119
4	   108   109   121   120
4	   109   110   122   121
4	   110   111   123   122
4	   111   112   124   123
4	   112   113   125   124
4	   113   114   126   125
4	   114   115   127   126
3	   115    44   127
3	    33   118   130
4	   118   119   131   130
4	   119   120   132   131
4	   120   121   133   132
4	   121   122   134   133
4	   122   123   135   134
4	   123   124   136   135
4	   124   125   137   136
4	   125   126   138   137
4	   126   127   139   138
3	   127    44   139
3	    33   130   142
4	   130   131   143   142
4	   131   132   144   143
4	   132   133   145   144
4	   133   134   146   145
4	   134   135   147   146
4	   135   136   148   147
4	   136   137   149   148
4	   137   138   150   149
4	   138   139   151   150
3	   139    44   151
3	    33   142    34
4	   142   143    35    34
4	   143   144    36    35
4	   144   145    37    36
4	   145   146    38    37
4	   146   147    39    38
4	   147   148    40    39
4	   148   149    41    40
4	   149   150    42    41
4	   150   151    43    42
3	   151    44    43
4	    31    23    15     7

