data	947	1886
0	-1.6	0
0.31214	-1.56926	0
0.61229	-1.47821	0
0.88891	-1.33035	0
1.13137	-1.13137	0
1.33035	-0.88891	0
1.47821	-0.61229	0
1.56926	-0.31214	0
1.6	0	0
1.56926	0.31214	0
1.47821	0.61229	0
1.33035	0.88891	0
1.13137	1.13137	0
0.88891	1.33035	0
0.61229	1.47821	0
0.31214	1.56926	0
0	1.6	0
-0.31214	1.56926	0
-0.61229	1.47821	0
-0.88891	1.33035	0
-1.13137	1.13137	0
-1.33035	0.88891	0
-1.47821	0.61229	0
-1.56926	0.31214	0
-1.6	0	0
-1.56926	-0.31214	0
-1.47821	-0.61229	0
-1.33035	-0.88891	0
-1.13137	-1.13137	0
-0.88891	-1.33035	0
-0.61229	-1.47821	0
-0.31214	-1.56926	0
0	-1.6	0.21667
0.31214	-1.56926	0.21667
0.61229	-1.47821	0.21667
0.88891	-1.33035	0.21667
1.13137	-1.13137	0.21667
1.33035	-0.88891	0.21667
1.47821	-0.61229	0.21667
1.56926	-0.31214	0.21667
1.6	0	0.21667
1.56926	0.31214	0.21667
1.47821	0.61229	0.21667
1.33035	0.88891	0.21667
1.13137	1.13137	0.21667
0.88891	1.33035	0.21667
0.61229	1.47821	0.21667
0.31214	1.56926	0.21667
0	1.6	0.21667
-0.31214	1.56926	0.21667
-0.61229	1.47821	0.21667
-0.88891	1.33035	0.21667
-1.13137	1.13137	0.21667
-1.33035	0.88891	0.21667
-1.47821	0.61229	0.21667
-1.56926	0.31214	0.21667
-1.6	0	0.21667
-1.56926	-0.31214	0.21667
-1.47821	-0.61229	0.21667
-1.33035	-0.88891	0.21667
-1.13137	-1.13137	0.21667
-0.88891	-1.33035	0.21667
-0.61229	-1.47821	0.21667
-0.31214	-1.56926	0.21667
0	-1.6	0.43333
0.31214	-1.56926	0.43333
0.61229	-1.47821	0.43333
0.88891	-1.33035	0.43333
1.13137	-1.13137	0.43333
1.33035	-0.88891	0.43333
1.47821	-0.61229	0.43333
1.56926	-0.31214	0.43333
1.6	0	0.43333
1.56926	0.31214	0.43333
1.47821	0.61229	0.43333
1.33035	0.88891	0.43333
1.13137	1.13137	0.43333
0.88891	1.33035	0.43333
0.61229	1.47821	0.43333
0.31214	1.56926	0.43333
0	1.6	0.43333
-0.31214	1.56926	0.43333
-0.61229	1.47821	0.43333
-0.88891	1.33035	0.43333
-1.13137	1.13137	0.43333
-1.33035	0.88891	0.43333
-1.47821	0.61229	0.43333
-1.56926	0.31214	0.43333
-1.6	0	0.43333
-1.56926	-0.31214	0.43333
-1.47821	-0.61229	0.43333
-1.33035	-0.88891	0.43333
-1.13137	-1.13137	0.43333
-0.88891	-1.33035	0.43333
-0.61229	-1.47821	0.43333
-0.31214	-1.56926	0.43333
0	-1.6	0.65
0.31214	-1.56926	0.65
0.61229	-1.47821	0.65
0.88891	-1.33035	0.65
1.13137	-1.13137	0.65
1.33035	-0.88891	0.65
1.47821	-0.61229	0.65
1.56926	-0.31214	0.65
1.6	0	0.65
1.56926	0.31214	0.65
1.47821	0.61229	0.65
1.33035	0.88891	0.65
1.13137	1.13137	0.65
0.88891	1.33035	0.65
0.61229	1.47821	0.65
0.31214	1.56926	0.65
0	1.6	0.65
-0.31214	1.56926	0.65
-0.61229	1.47821	0.65
-0.88891	1.33035	0.65
-1.13137	1.13137	0.65
-1.33035	0.88891	0.65
-1.47821	0.61229	0.65
-1.56926	0.31214	0.65
-1.6	0	0.65
-1.56926	-0.31214	0.65
-1.47821	-0.61229	0.65
-1.33035	-0.88891	0.65
-1.13137	-1.13137	0.65
-0.88891	-1.33035	0.65
-0.61229	-1.47821	0.65
-0.31214	-1.56926	0.65
0	-1.6	0.86667
0.31214	-1.56926	0.86667
0.61229	-1.47821	0.86667
0.88891	-1.33035	0.86667
1.13137	-1.13137	0.86667
1.33035	-0.88891	0.86667
1.47821	-0.61229	0.86667
1.56926	-0.31214	0.86667
1.6	0	0.86667
1.56926	0.31214	0.86667
1.47821	0.61229	0.86667
1.33035	0.88891	0.86667
1.13137	1.13137	0.86667
0.88891	1.33035	0.86667
0.61229	1.47821	0.86667
0.31214	1.56926	0.86667
0	1.6	0.86667
-0.31214	1.56926	0.86667
-0.61229	1.47821	0.86667
-0.88891	1.33035	0.86667
-1.13137	1.13137	0.86667
-1.33035	0.88891	0.86667
-1.47821	0.61229	0.86667
-1.56926	0.31214	0.86667
-1.6	0	0.86667
-1.56926	-0.31214	0.86667
-1.47821	-0.61229	0.86667
-1.33035	-0.88891	0.86667
-1.13137	-1.13137	0.86667
-0.88891	-1.33035	0.86667
-0.61229	-1.47821	0.86667
-0.31214	-1.56926	0.86667
0	-1.48506	1.00482
0.28972	-1.45652	1.00482
0.56831	-1.37201	1.00482
0.82505	-1.23478	1.00482
1.05009	-1.05009	1.00482
1.23478	-0.82505	1.00482
1.37201	-0.56831	1.00482
1.45652	-0.28972	1.00482
1.48506	0	1.00482
1.45652	0.28972	1.00482
1.37201	0.56831	1.00482
1.23478	0.82505	1.00482
1.05009	1.05009	1.00482
0.82505	1.23478	1.00482
0.56831	1.37201	1.00482
0.28972	1.45652	1.00482
0	1.48506	1.00482
-0.28972	1.45652	1.00482
-0.56831	1.37201	1.00482
-0.82505	1.23478	1.00482
-1.05009	1.05009	1.00482
-1.23478	0.82505	1.00482
-1.37201	0.56831	1.00482
-1.45652	0.28972	1.00482
-1.48506	0	1.00482
-1.45652	-0.28972	1.00482
-1.37201	-0.56831	1.00482
-1.23478	-0.82505	1.00482
-1.05009	-1.05009	1.00482
-0.82505	-1.23478	1.00482
-0.56831	-1.37201	1.00482
-0.28972	-1.45652	1.00482
0	-0.91186	1.09848
0.1779	-0.89434	1.09848
0.34895	-0.84245	1.09848
0.5066	-0.75819	1.09848
0.64478	-0.64478	1.09848
0.75819	-0.5066	1.09848
0.84245	-0.34895	1.09848
0.89434	-0.1779	1.09848
0.91186	0	1.09848
0.89434	0.1779	1.09848
0.84245	0.34895	1.09848
0.75819	0.5066	1.09848
0.64478	0.64478	1.09848
0.5066	0.75819	1.09848
0.34895	0.84245	1.09848
0.1779	0.89434	1.09848
0	0.91186	1.09848
-0.1779	0.89434	1.09848
-0.34895	0.84245	1.09848
-0.5066	0.75819	1.09848
-0.64478	0.64478	1.09848
-0.75819	0.5066	1.09848
-0.84245	0.34895	1.09848
-0.89434	0.1779	1.09848
-0.91186	0	1.09848
-0.89434	-0.1779	1.09848
-0.84245	-0.34895	1.09848
-0.75819	-0.5066	1.09848
-0.64478	-0.64478	1.09848
-0.5066	-0.75819	1.09848
-0.34895	-0.84245	1.09848
-0.1779	-0.89434	1.09848
0	-0.71207	2.08124
0.13892	-0.69839	2.08124
0.2725	-0.65787	2.08124
0.39561	-0.59207	2.08124
0.50351	-0.50351	2.08124
0.59207	-0.39561	2.08124
0.65787	-0.2725	2.08124
0.69839	-0.13892	2.08124
0.71207	0	2.08124
0.69839	0.13892	2.08124
0.65787	0.2725	2.08124
0.59207	0.39561	2.08124
0.50351	0.50351	2.08124
0.39561	0.59207	2.08124
0.2725	0.65787	2.08124
0.13892	0.69839	2.08124
0	0.71207	2.08124
-0.13892	0.69839	2.08124
-0.2725	0.65787	2.08124
-0.39561	0.59207	2.08124
-0.50351	0.50351	2.08124
-0.59207	0.39561	2.08124
-0.65787	0.2725	2.08124
-0.69839	0.13892	2.08124
-0.71207	0	2.08124
-0.69839	-0.13892	2.08124
-0.65787	-0.2725	2.08124
-0.59207	-0.39561	2.08124
-0.50351	-0.50351	2.08124
-0.39561	-0.59207	2.08124
-0.2725	-0.65787	2.08124
-0.13892	-0.69839	2.08124
0	-0.71207	2.17766
0.13892	-0.69839	2.17766
0.2725	-0.65787	2.17766
0.39561	-0.59207	2.17766
0.50351	-0.50351	2.17766
0.59207	-0.39561	2.17766
0.65787	-0.2725	2.17766
0.69839	-0.13892	2.17766
0.71207	0	2.17766
0.69839	0.13892	2.17766
0.65787	0.2725	2.17766
0.59207	0.39561	2.17766
0.50351	0.50351	2.17766
0.39561	0.59207	2.17766
0.2725	0.65787	2.17766
0.13892	0.69839	2.17766
0	0.71207	2.17766
-0.13892	0.69839	2.17766
-0.2725	0.65787	2.17766
-0.39561	0.59207	2.17766
-0.50351	0.50351	2.17766
-0.59207	0.39561	2.17766
-0.65787	0.2725	2.17766
-0.69839	0.13892	2.17766
-0.71207	0	2.17766
-0.69839	-0.13892	2.17766
-0.65787	-0.2725	2.17766
-0.59207	-0.39561	2.17766
-0.50351	-0.50351	2.17766
-0.39561	-0.59207	2.17766
-0.2725	-0.65787	2.17766
-0.13892	-0.69839	2.17766
0	-0.71207	2.27409
0.13892	-0.69839	2.27409
0.2725	-0.65787	2.27409
0.39561	-0.59207	2.27409
0.50351	-0.50351	2.27409
0.59207	-0.39561	2.27409
0.65787	-0.2725	2.27409
0.69839	-0.13892	2.27409
0.71207	0	2.27409
0.69839	0.13892	2.27409
0.65787	0.2725	2.27409
0.59207	0.39561	2.27409
0.50351	0.50351	2.27409
0.39561	0.59207	2.27409
0.2725	0.65787	2.27409
0.13892	0.69839	2.27409
0	0.71207	2.27409
-0.13892	0.69839	2.27409
-0.2725	0.65787	2.27409
-0.39561	0.59207	2.27409
-0.50351	0.50351	2.27409
-0.59207	0.39561	2.27409
-0.65787	0.2725	2.27409
-0.69839	0.13892	2.27409
-0.71207	0	2.27409
-0.69839	-0.13892	2.27409
-0.65787	-0.2725	2.27409
-0.59207	-0.39561	2.27409
-0.50351	-0.50351	2.27409
-0.39561	-0.59207	2.27409
-0.2725	-0.65787	2.27409
-0.13892	-0.69839	2.27409
0	-0.71207	2.37052
0.13892	-0.69839	2.37052
0.2725	-0.65787	2.37052
0.39561	-0.59207	2.37052
0.50351	-0.50351	2.37052
0.59207	-0.39561	2.37052
0.65787	-0.2725	2.37052
0.69839	-0.13892	2.37052
0.71207	0	2.37052
0.69839	0.13892	2.37052
0.65787	0.2725	2.37052
0.59207	0.39561	2.37052
0.50351	0.50351	2.37052
0.39561	0.59207	2.37052
0.2725	0.65787	2.37052
0.13892	0.69839	2.37052
0	0.71207	2.37052
-0.13892	0.69839	2.37052
-0.2725	0.65787	2.37052
-0.39561	0.59207	2.37052
-0.50351	0.50351	2.37052
-0.59207	0.39561	2.37052
-0.65787	0.2725	2.37052
-0.69839	0.13892	2.37052
-0.71207	0	2.37052
-0.69839	-0.13892	2.37052
-0.65787	-0.2725	2.37052
-0.59207	-0.39561	2.37052
-0.50351	-0.50351	2.37052
-0.39561	-0.59207	2.37052
-0.2725	-0.65787	2.37052
-0.13892	-0.69839	2.37052
0	-0.71207	2.46694
0.13892	-0.69839	2.46694
0.2725	-0.65787	2.46694
0.39561	-0.59207	2.46694
0.50351	-0.50351	2.46694
0.59207	-0.39561	2.46694
0.65787	-0.2725	2.46694
0.69839	-0.13892	2.46694
0.71207	0	2.46694
0.69839	0.13892	2.46694
0.65787	0.2725	2.46694
0.59207	0.39561	2.46694
0.50351	0.50351	2.46694
0.39561	0.59207	2.46694
0.2725	0.65787	2.46694
0.13892	0.69839	2.46694
0	0.71207	2.46694
-0.13892	0.69839	2.46694
-0.2725	0.65787	2.46694
-0.39561	0.59207	2.46694
-0.50351	0.50351	2.46694
-0.59207	0.39561	2.46694
-0.65787	0.2725	2.46694
-0.69839	0.13892	2.46694
-0.71207	0	2.46694
-0.69839	-0.13892	2.46694
-0.65787	-0.2725	2.46694
-0.59207	-0.39561	2.46694
-0.50351	-0.50351	2.46694
-0.39561	-0.59207	2.46694
-0.2725	-0.65787	2.46694
-0.13892	-0.69839	2.46694
0	-0.71207	2.56337
0.13892	-0.69839	2.56337
0.2725	-0.65787	2.56337
0.39561	-0.59207	2.56337
0.50351	-0.50351	2.56337
0.59207	-0.39561	2.56337
0.65787	-0.2725	2.56337
0.69839	-0.13892	2.56337
0.71207	0	2.56337
0.69839	0.13892	2.56337
0.65787	0.2725	2.56337
0.59207	0.39561	2.56337
0.50351	0.50351	2.56337
0.39561	0.59207	2.56337
0.2725	0.65787	2.56337
0.13892	0.69839	2.56337
0	0.71207	2.56337
-0.13892	0.69839	2.56337
-0.2725	0.65787	2.56337
-0.39561	0.59207	2.56337
-0.50351	0.50351	2.56337
-0.59207	0.39561	2.56337
-0.65787	0.2725	2.56337
-0.69839	0.13892	2.56337
-0.71207	0	2.56337
-0.69839	-0.13892	2.56337
-0.65787	-0.2725	2.56337
-0.59207	-0.39561	2.56337
-0.50351	-0.50351	2.56337
-0.39561	-0.59207	2.56337
-0.2725	-0.65787	2.56337
-0.13892	-0.69839	2.56337
0	-0.71207	2.6598
0.13892	-0.69839	2.6598
0.2725	-0.65787	2.6598
0.39561	-0.59207	2.6598
0.50351	-0.50351	2.6598
0.59207	-0.39561	2.6598
0.65787	-0.2725	2.6598
0.69839	-0.13892	2.6598
0.71207	0	2.6598
0.69839	0.13892	2.6598
0.65787	0.2725	2.6598
0.59207	0.39561	2.6598
0.50351	0.50351	2.6598
0.39561	0.59207	2.6598
0.2725	0.65787	2.6598
0.13892	0.69839	2.6598
0	0.71207	2.6598
-0.13892	0.69839	2.6598
-0.2725	0.65787	2.6598
-0.39561	0.59207	2.6598
-0.50351	0.50351	2.6598
-0.59207	0.39561	2.6598
-0.65787	0.2725	2.6598
-0.69839	0.13892	2.6598
-0.71207	0	2.6598
-0.69839	-0.13892	2.6598
-0.65787	-0.2725	2.6598
-0.59207	-0.39561	2.6598
-0.50351	-0.50351	2.6598
-0.39561	-0.59207	2.6598
-0.2725	-0.65787	2.6598
-0.13892	-0.69839	2.6598
0	-0.71207	2.75622
0.13892	-0.69839	2.75622
0.2725	-0.65787	2.75622
0.39561	-0.59207	2.75622
0.50351	-0.50351	2.75622
0.59207	-0.39561	2.75622
0.65787	-0.2725	2.75622
0.69839	-0.13892	2.75622
0.71207	0	2.75622
0.69839	0.13892	2.75622
0.65787	0.2725	2.75622
0.59207	0.39561	2.75622
0.50351	0.50351	2.75622
0.39561	0.59207	2.75622
0.2725	0.65787	2.75622
0.13892	0.69839	2.75622
0	0.71207	2.75622
-0.13892	0.69839	2.75622
-0.2725	0.65787	2.75622
-0.39561	0.59207	2.75622
-0.50351	0.50351	2.75622
-0.59207	0.39561	2.75622
-0.65787	0.2725	2.75622
-0.69839	0.13892	2.75622
-0.71207	0	2.75622
-0.69839	-0.13892	2.75622
-0.65787	-0.2725	2.75622
-0.59207	-0.39561	2.75622
-0.50351	-0.50351	2.75622
-0.39561	-0.59207	2.75622
-0.2725	-0.65787	2.75622
-0.13892	-0.69839	2.75622
0	-0.71207	2.85265
0.13892	-0.69839	2.85265
0.2725	-0.65787	2.85265
0.39561	-0.59207	2.85265
0.50351	-0.50351	2.85265
0.59207	-0.39561	2.85265
0.65787	-0.2725	2.85265
0.69839	-0.13892	2.85265
0.71207	0	2.85265
0.69839	0.13892	2.85265
0.65787	0.2725	2.85265
0.59207	0.39561	2.85265
0.50351	0.50351	2.85265
0.39561	0.59207	2.85265
0.2725	0.65787	2.85265
0.13892	0.69839	2.85265
0	0.71207	2.85265
-0.13892	0.69839	2.85265
-0.2725	0.65787	2.85265
-0.39561	0.59207	2.85265
-0.50351	0.50351	2.85265
-0.59207	0.39561	2.85265
-0.65787	0.2725	2.85265
-0.69839	0.13892	2.85265
-0.71207	0	2.85265
-0.69839	-0.13892	2.85265
-0.65787	-0.2725	2.85265
-0.59207	-0.39561	2.85265
-0.50351	-0.50351	2.85265
-0.39561	-0.59207	2.85265
-0.2725	-0.65787	2.85265
-0.13892	-0.69839	2.85265
0	-0.71207	2.94908
0.13892	-0.69839	2.94908
0.2725	-0.65787	2.94908
0.39561	-0.59207	2.94908
0.50351	-0.50351	2.94908
0.59207	-0.39561	2.94908
0.65787	-0.2725	2.94908
0.69839	-0.13892	2.94908
0.71207	0	2.94908
0.69839	0.13892	2.94908
0.65787	0.2725	2.94908
0.59207	0.39561	2.94908
0.50351	0.50351	2.94908
0.39561	0.59207	2.94908
0.2725	0.65787	2.94908
0.13892	0.69839	2.94908
0	0.71207	2.94908
-0.13892	0.69839	2.94908
-0.2725	0.65787	2.94908
-0.39561	0.59207	2.94908
-0.50351	0.50351	2.94908
-0.59207	0.39561	2.94908
-0.65787	0.2725	2.94908
-0.69839	0.13892	2.94908
-0.71207	0	2.94908
-0.69839	-0.13892	2.94908
-0.65787	-0.2725	2.94908
-0.59207	-0.39561	2.94908
-0.50351	-0.50351	2.94908
-0.39561	-0.59207	2.94908
-0.2725	-0.65787	2.94908
-0.13892	-0.69839	2.94908
0	-0.71207	3.0455
0.13892	-0.69839	3.0455
0.2725	-0.65787	3.0455
0.39561	-0.59207	3.0455
0.50351	-0.50351	3.0455
0.59207	-0.39561	3.0455
0.65787	-0.2725	3.0455
0.69839	-0.13892	3.0455
0.71207	0	3.0455
0.69839	0.13892	3.0455
0.65787	0.2725	3.0455
0.59207	0.39561	3.0455
0.50351	0.50351	3.0455
0.39561	0.59207	3.0455
0.2725	0.65787	3.0455
0.13892	0.69839	3.0455
0	0.71207	3.0455
-0.13892	0.69839	3.0455
-0.2725	0.65787	3.0455
-0.39561	0.59207	3.0455
-0.50351	0.50351	3.0455
-0.59207	0.39561	3.0455
-0.65787	0.2725	3.0455
-0.69839	0.13892	3.0455
-0.71207	0	3.0455
-0.69839	-0.13892	3.0455
-0.65787	-0.2725	3.0455
-0.59207	-0.39561	3.0455
-0.50351	-0.50351	3.0455
-0.39561	-0.59207	3.0455
-0.2725	-0.65787	3.0455
-0.13892	-0.69839	3.0455
0	-0.71207	3.14193
0.13892	-0.69839	3.14193
0.2725	-0.65787	3.14193
0.39561	-0.59207	3.14193
0.50351	-0.50351	3.14193
0.59207	-0.39561	3.14193
0.65787	-0.2725	3.14193
0.69839	-0.13892	3.14193
0.71207	0	3.14193
0.69839	0.13892	3.14193
0.65787	0.2725	3.14193
0.59207	0.39561	3.14193
0.50351	0.50351	3.14193
0.39561	0.59207	3.14193
0.2725	0.65787	3.14193
0.13892	0.69839	3.14193
0	0.71207	3.14193
-0.13892	0.69839	3.14193
-0.2725	0.65787	3.14193
-0.39561	0.59207	3.14193
-0.50351	0.50351	3.14193
-0.59207	0.39561	3.14193
-0.65787	0.2725	3.14193
-0.69839	0.13892	3.14193
-0.71207	0	3.14193
-0.69839	-0.13892	3.14193
-0.65787	-0.2725	3.14193
-0.59207	-0.39561	3.14193
-0.50351	-0.50351	3.14193
-0.39561	-0.59207	3.14193
-0.2725	-0.65787	3.14193
-0.13892	-0.69839	3.14193
0	-0.71207	3.23836
0.13892	-0.69839	3.23836
0.2725	-0.65787	3.23836
0.39561	-0.59207	3.23836
0.50351	-0.50351	3.23836
0.59207	-0.39561	3.23836
0.65787	-0.2725	3.23836
0.69839	-0.13892	3.23836
0.71207	0	3.23836
0.69839	0.13892	3.23836
0.65787	0.2725	3.23836
0.59207	0.39561	3.23836
0.50351	0.50351	3.23836
0.39561	0.59207	3.23836
0.2725	0.65787	3.23836
0.13892	0.69839	3.23836
0	0.71207	3.23836
-0.13892	0.69839	3.23836
-0.2725	0.65787	3.23836
-0.39561	0.59207	3.23836
-0.50351	0.50351	3.23836
-0.59207	0.39561	3.23836
-0.65787	0.2725	3.23836
-0.69839	0.13892	3.23836
-0.71207	0	3.23836
-0.69839	-0.13892	3.23836
-0.65787	-0.2725	3.23836
-0.59207	-0.39561	3.23836
-0.50351	-0.50351	3.23836
-0.39561	-0.59207	3.23836
-0.2725	-0.65787	3.23836
-0.13892	-0.69839	3.23836
0	-0.71207	5.43028
0.13892	-0.69839	5.43028
0.2725	-0.65787	5.43028
0.39561	-0.59207	5.43028
0.50351	-0.50351	5.43028
0.59207	-0.39561	5.43028
0.65787	-0.2725	5.43028
0.69839	-0.13892	5.43028
0.71207	0	5.43028
0.69839	0.13892	5.43028
0.65787	0.2725	5.43028
0.59207	0.39561	5.43028
0.50351	0.50351	5.43028
0.39561	0.59207	5.43028
0.2725	0.65787	5.43028
0.13892	0.69839	5.43028
0	0.71207	5.43028
-0.13892	0.69839	5.43028
-0.2725	0.65787	5.43028
-0.39561	0.59207	5.43028
-0.50351	0.50351	5.43028
-0.59207	0.39561	5.43028
-0.65787	0.2725	5.43028
-0.69839	0.13892	5.43028
-0.71207	0	5.43028
-0.69839	-0.13892	5.43028
-0.65787	-0.2725	5.43028
-0.59207	-0.39561	5.43028
-0.50351	-0.50351	5.43028
-0.39561	-0.59207	5.43028
-0.2725	-0.65787	5.43028
-0.13892	-0.69839	5.43028
0	-0.71207	5.72749
0.13892	-0.69839	5.72749
0.2725	-0.65787	5.72749
0.39561	-0.59207	5.72749
0.50351	-0.50351	5.72749
0.59207	-0.39561	5.72749
0.65787	-0.2725	5.72749
0.69839	-0.13892	5.72749
0.71207	0	5.72749
0.69839	0.13892	5.72749
0.65787	0.2725	5.72749
0.59207	0.39561	5.72749
0.50351	0.50351	5.72749
0.39561	0.59207	5.72749
0.2725	0.65787	5.72749
0.13892	0.69839	5.72749
0	0.71207	5.72749
-0.13892	0.69839	5.72749
-0.2725	0.65787	5.72749
-0.39561	0.59207	5.72749
-0.50351	0.50351	5.72749
-0.59207	0.39561	5.72749
-0.65787	0.2725	5.72749
-0.69839	0.13892	5.72749
-0.71207	0	5.72749
-0.69839	-0.13892	5.72749
-0.65787	-0.2725	5.72749
-0.59207	-0.39561	5.72749
-0.50351	-0.50351	5.72749
-0.39561	-0.59207	5.72749
-0.2725	-0.65787	5.72749
-0.13892	-0.69839	5.72749
0	-1.05752	6.73119
0.20631	-1.0372	6.73119
0.40469	-0.97702	6.73119
0.58752	-0.87929	6.73119
0.74778	-0.74778	6.73119
0.87929	-0.58753	6.73119
0.97702	-0.40469	6.73119
1.0372	-0.20631	6.73119
1.05752	0	6.73119
1.0372	0.20631	6.73119
0.97702	0.40469	6.73119
0.87929	0.58753	6.73119
0.74778	0.74778	6.73119
0.58752	0.87929	6.73119
0.40469	0.97702	6.73119
0.20631	1.0372	6.73119
0	1.05752	6.73119
-0.20631	1.0372	6.73119
-0.40469	0.97702	6.73119
-0.58753	0.87929	6.73119
-0.74778	0.74778	6.73119
-0.87929	0.58753	6.73119
-0.97702	0.40469	6.73119
-1.0372	0.20631	6.73119
-1.05752	0	6.73119
-1.0372	-0.20631	6.73119
-0.97702	-0.40469	6.73119
-0.87929	-0.58753	6.73119
-0.74778	-0.74778	6.73119
-0.58753	-0.87929	6.73119
-0.40469	-0.97702	6.73119
-0.20631	-1.0372	6.73119
0	-0.89968	6.88987
0.17552	-0.88239	6.88987
0.34429	-0.8312	6.88987
0.49983	-0.74806	6.88987
0.63617	-0.63617	6.88987
0.74806	-0.49984	6.88987
0.8312	-0.34429	6.88987
0.88239	-0.17552	6.88987
0.89968	0	6.88987
0.88239	0.17552	6.88987
0.8312	0.34429	6.88987
0.74806	0.49984	6.88987
0.63617	0.63617	6.88987
0.49983	0.74806	6.88987
0.34429	0.8312	6.88987
0.17552	0.88239	6.88987
0	0.89968	6.88987
-0.17552	0.88239	6.88987
-0.34429	0.8312	6.88987
-0.49984	0.74806	6.88987
-0.63617	0.63617	6.88987
-0.74806	0.49984	6.88987
-0.8312	0.34429	6.88987
-0.88239	0.17552	6.88987
-0.89968	0	6.88987
-0.88239	-0.17552	6.88987
-0.8312	-0.34429	6.88987
-0.74806	-0.49984	6.88987
-0.63617	-0.63617	6.88987
-0.49984	-0.74806	6.88987
-0.34429	-0.8312	6.88987
-0.17552	-0.88239	6.88987
0	-0.48607	6.47469
0.09483	-0.47673	6.47469
0.18601	-0.44907	6.47468
0.27005	-0.40415	6.47468
0.3437	-0.3437	6.47469
0.40415	-0.27005	6.47469
0.44907	-0.18601	6.47468
0.47673	-0.09483	6.47468
0.48607	0	6.47468
0.47673	0.09483	6.47468
0.44907	0.18601	6.47468
0.40415	0.27005	6.47469
0.3437	0.3437	6.47469
0.27005	0.40415	6.47468
0.18601	0.44907	6.47468
0.09483	0.47673	6.47469
0	0.48607	6.47468
-0.09483	0.47673	6.47468
-0.18601	0.44907	6.47468
-0.27005	0.40415	6.47468
-0.3437	0.3437	6.47468
-0.40415	0.27005	6.47468
-0.44907	0.18601	6.47468
-0.47673	0.09483	6.47468
-0.48607	0	6.47468
-0.47673	-0.09483	6.47468
-0.44907	-0.18601	6.47468
-0.40415	-0.27005	6.47468
-0.3437	-0.3437	6.47468
-0.27005	-0.40415	6.47468
-0.18601	-0.44907	6.47468
-0.09483	-0.47673	6.47468
0	0	7.04328
0.1	0.45	7.17383
0.1	0.15	7.17383
0.1	-0.15	7.17383
0.1	-0.45	7.17383
0.1	0.45	7.24049
0.1	0.15	7.24049
0.1	-0.15	7.24049
0.1	-0.45	7.24049
0.1	0.45	7.30716
0.1	0.15	7.30716
0.1	-0.15	7.30716
0.1	-0.45	7.30716
0.1	0.45	7.37383
0.1	0.15	7.37383
0.1	-0.15	7.37383
0.1	-0.45	7.37383
-0.1	0.45	7.17383
-0.1	0.15	7.17383
-0.1	-0.15	7.17383
-0.1	-0.45	7.17383
-0.1	0.45	7.24049
-0.1	0.15	7.24049
-0.1	-0.15	7.24049
-0.1	-0.45	7.24049
-0.1	0.45	7.30716
-0.1	0.15	7.30716
-0.1	-0.15	7.30716
-0.1	-0.45	7.30716
-0.1	0.45	7.37383
-0.1	0.15	7.37383
-0.1	-0.15	7.37383
-0.1	-0.45	7.37383
0.03333	0.45	7.17383
0.03333	0.15	7.17383
0.03333	-0.15	7.17383
0.03333	-0.45	7.17383
0.03333	-0.45	7.24049
0.03333	-0.45	7.30716
0.03333	-0.45	7.37383
0.03333	-0.15	7.37383
0.03333	0.15	7.37383
0.03333	0.45	7.37383
0.03333	0.45	7.30716
0.03333	0.45	7.24049
-0.03333	0.45	7.17383
-0.03333	0.15	7.17383
-0.03333	-0.15	7.17383
-0.03333	-0.45	7.17383
-0.03333	-0.45	7.24049
-0.03333	-0.45	7.30716
-0.03333	-0.45	7.37383
-0.03333	-0.15	7.37383
-0.03333	0.15	7.37383
-0.03333	0.45	7.37383
-0.03333	0.45	7.30716
-0.03333	0.45	7.24049
-0.1	-0.03333	7.37383
-0.1	-0.1	7.37383
-0.1	-0.1	7.17383
-0.1	-0.03333	7.17383
-0.1	0.03333	7.37383
-0.1	0.03333	7.17383
-0.1	0.1	7.37383
-0.1	0.1	7.17383
0.1	-0.1	7.37383
0.1	-0.03333	7.37383
0.1	-0.03333	7.17383
0.1	-0.1	7.17383
0.1	0.03333	7.37383
0.1	0.03333	7.17383
0.1	0.1	7.37383
0.1	0.1	7.17383
-0.1	-0.1	7.35716
-0.03333	-0.1	7.37383
-0.1	-0.1	7.24049
-0.1	-0.1	7.30716
-0.03333	-0.1	7.17383
0.03333	-0.1	7.37383
0.03333	-0.1	7.17383
0.1	-0.1	7.35716
0.1	-0.1	7.24049
0.1	-0.1	7.30716
-0.03333	0.1	7.17383
-0.1	0.1	7.32534
-0.1	0.1	7.33573
-0.1	0.1	7.21192
-0.1	0.1	7.22231
-0.1	0.1	7.35716
-0.1	0.1	7.30716
-0.1	0.1	7.31716
-0.1	0.1	7.24049
-0.03333	0.1	7.37383
0.03333	0.1	7.17383
0.03333	0.1	7.37383
0.1	0.1	7.33573
0.1	0.1	7.32534
0.1	0.1	7.22231
0.1	0.1	7.21192
0.1	0.1	7.35716
0.1	0.1	7.31716
0.1	0.1	7.30716
0.1	0.1	7.24049
-0.1	-0.1	7.72383
-0.1	-0.1	6.99049
-0.1	-0.1	6.62383
-0.1	-0.03333	7.72383
-0.1	-0.03333	6.99049
-0.1	-0.03333	6.62383
-0.1	0.03333	7.72383
-0.1	0.03333	6.99049
-0.1	0.03333	6.62383
-0.1	0.1	7.72383
-0.1	0.1	6.99049
-0.1	0.1	6.62383
0.1	-0.1	7.72383
0.1	-0.1	6.99049
0.1	-0.1	6.62383
0.1	-0.03333	7.72383
0.1	-0.03333	6.99049
0.1	-0.03333	6.62383
0.1	0.03333	7.72383
0.1	0.03333	6.99049
0.1	0.03333	6.62383
0.1	0.1	7.72383
0.1	0.1	6.99049
0.1	0.1	6.62383
-0.03333	-0.1	7.72383
-0.03333	-0.1	6.99049
-0.03333	-0.1	6.62383
-0.03333	-0.03333	6.62383
-0.03333	0.03333	6.62383
-0.03333	0.1	6.62383
-0.03333	0.1	6.99049
-0.03333	0.1	7.72383
-0.03333	0.03333	7.72383
-0.03333	-0.03333	7.72383
0.03333	-0.1	7.72383
0.03333	-0.1	6.99049
0.03333	-0.1	6.62383
0.03333	-0.03333	6.62383
0.03333	0.03333	6.62383
0.03333	0.1	6.62383
0.03333	0.1	6.99049
0.03333	0.1	7.72383
0.03333	0.03333	7.72383
0.03333	-0.03333	7.72383
3	31	30	29
3	29	28	27
3	27	26	25
3	29	27	25
3	25	24	23
3	23	22	21
3	25	23	21
3	21	20	19
3	19	18	17
3	21	19	17
3	25	21	17
3	17	16	15
3	15	14	13
3	17	15	13
3	13	12	11
3	11	10	9
3	13	11	9
3	17	13	9
3	9	8	7
3	7	6	5
3	9	7	5
3	5	4	3
3	3	2	1
3	5	3	1
3	9	5	1
3	17	9	1
3	25	17	1
3	29	25	1
3	31	29	1
3	32	31	1
3	1	2	34
3	34	33	1
3	2	3	35
3	35	34	2
3	3	4	36
3	36	35	3
3	4	5	37
3	37	36	4
3	5	6	38
3	38	37	5
3	6	7	39
3	39	38	6
3	7	8	40
3	40	39	7
3	8	9	41
3	41	40	8
3	9	10	42
3	42	41	9
3	10	11	43
3	43	42	10
3	11	12	44
3	44	43	11
3	12	13	45
3	45	44	12
3	13	14	46
3	46	45	13
3	14	15	47
3	47	46	14
3	15	16	48
3	48	47	15
3	16	17	49
3	49	48	16
3	17	18	50
3	50	49	17
3	18	19	51
3	51	50	18
3	19	20	52
3	52	51	19
3	20	21	53
3	53	52	20
3	21	22	54
3	54	53	21
3	22	23	55
3	55	54	22
3	23	24	56
3	56	55	23
3	24	25	57
3	57	56	24
3	25	26	58
3	58	57	25
3	26	27	59
3	59	58	26
3	27	28	60
3	60	59	27
3	28	29	61
3	61	60	28
3	29	30	62
3	62	61	29
3	30	31	63
3	63	62	30
3	31	32	64
3	64	63	31
3	32	1	33
3	33	64	32
3	33	34	66
3	66	65	33
3	34	35	67
3	67	66	34
3	35	36	68
3	68	67	35
3	36	37	69
3	69	68	36
3	37	38	70
3	70	69	37
3	38	39	71
3	71	70	38
3	39	40	72
3	72	71	39
3	40	41	73
3	73	72	40
3	41	42	74
3	74	73	41
3	42	43	75
3	75	74	42
3	43	44	76
3	76	75	43
3	44	45	77
3	77	76	44
3	45	46	78
3	78	77	45
3	46	47	79
3	79	78	46
3	47	48	80
3	80	79	47
3	48	49	81
3	81	80	48
3	49	50	82
3	82	81	49
3	50	51	83
3	83	82	50
3	51	52	84
3	84	83	51
3	52	53	85
3	85	84	52
3	53	54	86
3	86	85	53
3	54	55	87
3	87	86	54
3	55	56	88
3	88	87	55
3	56	57	89
3	89	88	56
3	57	58	90
3	90	89	57
3	58	59	91
3	91	90	58
3	59	60	92
3	92	91	59
3	60	61	93
3	93	92	60
3	61	62	94
3	94	93	61
3	62	63	95
3	95	94	62
3	63	64	96
3	96	95	63
3	64	33	65
3	65	96	64
3	65	66	98
3	98	97	65
3	66	67	99
3	99	98	66
3	67	68	100
3	100	99	67
3	68	69	101
3	101	100	68
3	69	70	102
3	102	101	69
3	70	71	103
3	103	102	70
3	71	72	104
3	104	103	71
3	72	73	105
3	105	104	72
3	73	74	106
3	106	105	73
3	74	75	107
3	107	106	74
3	75	76	108
3	108	107	75
3	76	77	109
3	109	108	76
3	77	78	110
3	110	109	77
3	78	79	111
3	111	110	78
3	79	80	112
3	112	111	79
3	80	81	113
3	113	112	80
3	81	82	114
3	114	113	81
3	82	83	115
3	115	114	82
3	83	84	116
3	116	115	83
3	84	85	117
3	117	116	84
3	85	86	118
3	118	117	85
3	86	87	119
3	119	118	86
3	87	88	120
3	120	119	87
3	88	89	121
3	121	120	88
3	89	90	122
3	122	121	89
3	90	91	123
3	123	122	90
3	91	92	124
3	124	123	91
3	92	93	125
3	125	124	92
3	93	94	126
3	126	125	93
3	94	95	127
3	127	126	94
3	95	96	128
3	128	127	95
3	96	65	97
3	97	128	96
3	97	98	130
3	130	129	97
3	98	99	131
3	131	130	98
3	99	100	132
3	132	131	99
3	100	101	133
3	133	132	100
3	101	102	134
3	134	133	101
3	102	103	135
3	135	134	102
3	103	104	136
3	136	135	103
3	104	105	137
3	137	136	104
3	105	106	138
3	138	137	105
3	106	107	139
3	139	138	106
3	107	108	140
3	140	139	107
3	108	109	141
3	141	140	108
3	109	110	142
3	142	141	109
3	110	111	143
3	143	142	110
3	111	112	144
3	144	143	111
3	112	113	145
3	145	144	112
3	113	114	146
3	146	145	113
3	114	115	147
3	147	146	114
3	115	116	148
3	148	147	115
3	116	117	149
3	149	148	116
3	117	118	150
3	150	149	117
3	118	119	151
3	151	150	118
3	119	120	152
3	152	151	119
3	120	121	153
3	153	152	120
3	121	122	154
3	154	153	121
3	122	123	155
3	155	154	122
3	123	124	156
3	156	155	123
3	124	125	157
3	157	156	124
3	125	126	158
3	158	157	125
3	126	127	159
3	159	158	126
3	127	128	160
3	160	159	127
3	128	97	129
3	129	160	128
3	129	130	162
3	162	161	129
3	130	131	163
3	163	162	130
3	131	132	164
3	164	163	131
3	132	133	165
3	165	164	132
3	133	134	166
3	166	165	133
3	134	135	167
3	167	166	134
3	135	136	168
3	168	167	135
3	136	137	169
3	169	168	136
3	137	138	170
3	170	169	137
3	138	139	171
3	171	170	138
3	139	140	172
3	172	171	139
3	140	141	173
3	173	172	140
3	141	142	174
3	174	173	141
3	142	143	175
3	175	174	142
3	143	144	176
3	176	175	143
3	144	145	177
3	177	176	144
3	145	146	178
3	178	177	145
3	146	147	179
3	179	178	146
3	147	148	180
3	180	179	147
3	148	149	181
3	181	180	148
3	149	150	182
3	182	181	149
3	150	151	183
3	183	182	150
3	151	152	184
3	184	183	151
3	152	153	185
3	185	184	152
3	153	154	186
3	186	185	153
3	154	155	187
3	187	186	154
3	155	156	188
3	188	187	155
3	156	157	189
3	189	188	156
3	157	158	190
3	190	189	157
3	158	159	191
3	191	190	158
3	159	160	192
3	192	191	159
3	160	129	161
3	161	192	160
3	161	162	194
3	194	193	161
3	162	163	195
3	195	194	162
3	163	164	196
3	196	195	163
3	164	165	197
3	197	196	164
3	165	166	198
3	198	197	165
3	166	167	199
3	199	198	166
3	167	168	200
3	200	199	167
3	168	169	201
3	201	200	168
3	169	170	202
3	202	201	169
3	170	171	203
3	203	202	170
3	171	172	204
3	204	203	171
3	172	173	205
3	205	204	172
3	173	174	206
3	206	205	173
3	174	175	207
3	207	206	174
3	175	176	208
3	208	207	175
3	176	177	209
3	209	208	176
3	177	178	210
3	210	209	177
3	178	179	211
3	211	210	178
3	179	180	212
3	212	211	179
3	180	181	213
3	213	212	180
3	181	182	214
3	214	213	181
3	182	183	215
3	215	214	182
3	183	184	216
3	216	215	183
3	184	185	217
3	217	216	184
3	185	186	218
3	218	217	185
3	186	187	219
3	219	218	186
3	187	188	220
3	220	219	187
3	188	189	221
3	221	220	188
3	189	190	222
3	222	221	189
3	190	191	223
3	223	222	190
3	191	192	224
3	224	223	191
3	192	161	193
3	193	224	192
3	193	194	226
3	226	225	193
3	194	195	227
3	227	226	194
3	195	196	228
3	228	227	195
3	196	197	229
3	229	228	196
3	197	198	230
3	230	229	197
3	198	199	231
3	231	230	198
3	199	200	232
3	232	231	199
3	200	201	233
3	233	232	200
3	201	202	234
3	234	233	201
3	202	203	235
3	235	234	202
3	203	204	236
3	236	235	203
3	204	205	237
3	237	236	204
3	205	206	238
3	238	237	205
3	206	207	239
3	239	238	206
3	207	208	240
3	240	239	207
3	208	209	241
3	241	240	208
3	209	210	242
3	242	241	209
3	210	211	243
3	243	242	210
3	211	212	244
3	244	243	211
3	212	213	245
3	245	244	212
3	213	214	246
3	246	245	213
3	214	215	247
3	247	246	214
3	215	216	248
3	248	247	215
3	216	217	249
3	249	248	216
3	217	218	250
3	250	249	217
3	218	219	251
3	251	250	218
3	219	220	252
3	252	251	219
3	220	221	253
3	253	252	220
3	221	222	254
3	254	253	221
3	222	223	255
3	255	254	222
3	223	224	256
3	256	255	223
3	224	193	225
3	225	256	224
3	225	226	258
3	258	257	225
3	226	227	259
3	259	258	226
3	227	228	260
3	260	259	227
3	228	229	261
3	261	260	228
3	229	230	262
3	262	261	229
3	230	231	263
3	263	262	230
3	231	232	264
3	264	263	231
3	232	233	265
3	265	264	232
3	233	234	266
3	266	265	233
3	234	235	267
3	267	266	234
3	235	236	268
3	268	267	235
3	236	237	269
3	269	268	236
3	237	238	270
3	270	269	237
3	238	239	271
3	271	270	238
3	239	240	272
3	272	271	239
3	240	241	273
3	273	272	240
3	241	242	274
3	274	273	241
3	242	243	275
3	275	274	242
3	243	244	276
3	276	275	243
3	244	245	277
3	277	276	244
3	245	246	278
3	278	277	245
3	246	247	279
3	279	278	246
3	247	248	280
3	280	279	247
3	248	249	281
3	281	280	248
3	249	250	282
3	282	281	249
3	250	251	283
3	283	282	250
3	251	252	284
3	284	283	251
3	252	253	285
3	285	284	252
3	253	254	286
3	286	285	253
3	254	255	287
3	287	286	254
3	255	256	288
3	288	287	255
3	256	225	257
3	257	288	256
3	257	258	290
3	290	289	257
3	258	259	291
3	291	290	258
3	259	260	292
3	292	291	259
3	260	261	293
3	293	292	260
3	261	262	294
3	294	293	261
3	262	263	295
3	295	294	262
3	263	264	296
3	296	295	263
3	264	265	297
3	297	296	264
3	265	266	298
3	298	297	265
3	266	267	299
3	299	298	266
3	267	268	300
3	300	299	267
3	268	269	301
3	301	300	268
3	269	270	302
3	302	301	269
3	270	271	303
3	303	302	270
3	271	272	304
3	304	303	271
3	272	273	305
3	305	304	272
3	273	274	306
3	306	305	273
3	274	275	307
3	307	306	274
3	275	276	308
3	308	307	275
3	276	277	309
3	309	308	276
3	277	278	310
3	310	309	277
3	278	279	311
3	311	310	278
3	279	280	312
3	312	311	279
3	280	281	313
3	313	312	280
3	281	282	314
3	314	313	281
3	282	283	315
3	315	314	282
3	283	284	316
3	316	315	283
3	284	285	317
3	317	316	284
3	285	286	318
3	318	317	285
3	286	287	319
3	319	318	286
3	287	288	320
3	320	319	287
3	288	257	289
3	289	320	288
3	289	290	322
3	322	321	289
3	290	291	323
3	323	322	290
3	291	292	324
3	324	323	291
3	292	293	325
3	325	324	292
3	293	294	326
3	326	325	293
3	294	295	327
3	327	326	294
3	295	296	328
3	328	327	295
3	296	297	329
3	329	328	296
3	297	298	330
3	330	329	297
3	298	299	331
3	331	330	298
3	299	300	332
3	332	331	299
3	300	301	333
3	333	332	300
3	301	302	334
3	334	333	301
3	302	303	335
3	335	334	302
3	303	304	336
3	336	335	303
3	304	305	337
3	337	336	304
3	305	306	338
3	338	337	305
3	306	307	339
3	339	338	306
3	307	308	340
3	340	339	307
3	308	309	341
3	341	340	308
3	309	310	342
3	342	341	309
3	310	311	343
3	343	342	310
3	311	312	344
3	344	343	311
3	312	313	345
3	345	344	312
3	313	314	346
3	346	345	313
3	314	315	347
3	347	346	314
3	315	316	348
3	348	347	315
3	316	317	349
3	349	348	316
3	317	318	350
3	350	349	317
3	318	319	351
3	351	350	318
3	319	320	352
3	352	351	319
3	320	289	321
3	321	352	320
3	321	322	354
3	354	353	321
3	322	323	355
3	355	354	322
3	323	324	356
3	356	355	323
3	324	325	357
3	357	356	324
3	325	326	358
3	358	357	325
3	326	327	359
3	359	358	326
3	327	328	360
3	360	359	327
3	328	329	361
3	361	360	328
3	329	330	362
3	362	361	329
3	330	331	363
3	363	362	330
3	331	332	364
3	364	363	331
3	332	333	365
3	365	364	332
3	333	334	366
3	366	365	333
3	334	335	367
3	367	366	334
3	335	336	368
3	368	367	335
3	336	337	369
3	369	368	336
3	337	338	370
3	370	369	337
3	338	339	371
3	371	370	338
3	339	340	372
3	372	371	339
3	340	341	373
3	373	372	340
3	341	342	374
3	374	373	341
3	342	343	375
3	375	374	342
3	343	344	376
3	376	375	343
3	344	345	377
3	377	376	344
3	345	346	378
3	378	377	345
3	346	347	379
3	379	378	346
3	347	348	380
3	380	379	347
3	348	349	381
3	381	380	348
3	349	350	382
3	382	381	349
3	350	351	383
3	383	382	350
3	351	352	384
3	384	383	351
3	352	321	353
3	353	384	352
3	353	354	386
3	386	385	353
3	354	355	387
3	387	386	354
3	355	356	388
3	388	387	355
3	356	357	389
3	389	388	356
3	357	358	390
3	390	389	357
3	358	359	391
3	391	390	358
3	359	360	392
3	392	391	359
3	360	361	393
3	393	392	360
3	361	362	394
3	394	393	361
3	362	363	395
3	395	394	362
3	363	364	396
3	396	395	363
3	364	365	397
3	397	396	364
3	365	366	398
3	398	397	365
3	366	367	399
3	399	398	366
3	367	368	400
3	400	399	367
3	368	369	401
3	401	400	368
3	369	370	402
3	402	401	369
3	370	371	403
3	403	402	370
3	371	372	404
3	404	403	371
3	372	373	405
3	405	404	372
3	373	374	406
3	406	405	373
3	374	375	407
3	407	406	374
3	375	376	408
3	408	407	375
3	376	377	409
3	409	408	376
3	377	378	410
3	410	409	377
3	378	379	411
3	411	410	378
3	379	380	412
3	412	411	379
3	380	381	413
3	413	412	380
3	381	382	414
3	414	413	381
3	382	383	415
3	415	414	382
3	383	384	416
3	416	415	383
3	384	353	385
3	385	416	384
3	385	386	418
3	418	417	385
3	386	387	419
3	419	418	386
3	387	388	420
3	420	419	387
3	388	389	421
3	421	420	388
3	389	390	422
3	422	421	389
3	390	391	423
3	423	422	390
3	391	392	424
3	424	423	391
3	392	393	425
3	425	424	392
3	393	394	426
3	426	425	393
3	394	395	427
3	427	426	394
3	395	396	428
3	428	427	395
3	396	397	429
3	429	428	396
3	397	398	430
3	430	429	397
3	398	399	431
3	431	430	398
3	399	400	432
3	432	431	399
3	400	401	433
3	433	432	400
3	401	402	434
3	434	433	401
3	402	403	435
3	435	434	402
3	403	404	436
3	436	435	403
3	404	405	437
3	437	436	404
3	405	406	438
3	438	437	405
3	406	407	439
3	439	438	406
3	407	408	440
3	440	439	407
3	408	409	441
3	441	440	408
3	409	410	442
3	442	441	409
3	410	411	443
3	443	442	410
3	411	412	444
3	444	443	411
3	412	413	445
3	445	444	412
3	413	414	446
3	446	445	413
3	414	415	447
3	447	446	414
3	415	416	448
3	448	447	415
3	416	385	417
3	417	448	416
3	417	418	450
3	450	449	417
3	418	419	451
3	451	450	418
3	419	420	452
3	452	451	419
3	420	421	453
3	453	452	420
3	421	422	454
3	454	453	421
3	422	423	455
3	455	454	422
3	423	424	456
3	456	455	423
3	424	425	457
3	457	456	424
3	425	426	458
3	458	457	425
3	426	427	459
3	459	458	426
3	427	428	460
3	460	459	427
3	428	429	461
3	461	460	428
3	429	430	462
3	462	461	429
3	430	431	463
3	463	462	430
3	431	432	464
3	464	463	431
3	432	433	465
3	465	464	432
3	433	434	466
3	466	465	433
3	434	435	467
3	467	466	434
3	435	436	468
3	468	467	435
3	436	437	469
3	469	468	436
3	437	438	470
3	470	469	437
3	438	439	471
3	471	470	438
3	439	440	472
3	472	471	439
3	440	441	473
3	473	472	440
3	441	442	474
3	474	473	441
3	442	443	475
3	475	474	442
3	443	444	476
3	476	475	443
3	444	445	477
3	477	476	444
3	445	446	478
3	478	477	445
3	446	447	479
3	479	478	446
3	447	448	480
3	480	479	447
3	448	417	449
3	449	480	448
3	449	450	482
3	482	481	449
3	450	451	483
3	483	482	450
3	451	452	484
3	484	483	451
3	452	453	485
3	485	484	452
3	453	454	486
3	486	485	453
3	454	455	487
3	487	486	454
3	455	456	488
3	488	487	455
3	456	457	489
3	489	488	456
3	457	458	490
3	490	489	457
3	458	459	491
3	491	490	458
3	459	460	492
3	492	491	459
3	460	461	493
3	493	492	460
3	461	462	494
3	494	493	461
3	462	463	495
3	495	494	462
3	463	464	496
3	496	495	463
3	464	465	497
3	497	496	464
3	465	466	498
3	498	497	465
3	466	467	499
3	499	498	466
3	467	468	500
3	500	499	467
3	468	469	501
3	501	500	468
3	469	470	502
3	502	501	469
3	470	471	503
3	503	502	470
3	471	472	504
3	504	503	471
3	472	473	505
3	505	504	472
3	473	474	506
3	506	505	473
3	474	475	507
3	507	506	474
3	475	476	508
3	508	507	475
3	476	477	509
3	509	508	476
3	477	478	510
3	510	509	477
3	478	479	511
3	511	510	478
3	479	480	512
3	512	511	479
3	480	449	481
3	481	512	480
3	481	482	514
3	514	513	481
3	482	483	515
3	515	514	482
3	483	484	516
3	516	515	483
3	484	485	517
3	517	516	484
3	485	486	518
3	518	517	485
3	486	487	519
3	519	518	486
3	487	488	520
3	520	519	487
3	488	489	521
3	521	520	488
3	489	490	522
3	522	521	489
3	490	491	523
3	523	522	490
3	491	492	524
3	524	523	491
3	492	493	525
3	525	524	492
3	493	494	526
3	526	525	493
3	494	495	527
3	527	526	494
3	495	496	528
3	528	527	495
3	496	497	529
3	529	528	496
3	497	498	530
3	530	529	497
3	498	499	531
3	531	530	498
3	499	500	532
3	532	531	499
3	500	501	533
3	533	532	500
3	501	502	534
3	534	533	501
3	502	503	535
3	535	534	502
3	503	504	536
3	536	535	503
3	504	505	537
3	537	536	504
3	505	506	538
3	538	537	505
3	506	507	539
3	539	538	506
3	507	508	540
3	540	539	507
3	508	509	541
3	541	540	508
3	509	510	542
3	542	541	509
3	510	511	543
3	543	542	510
3	511	512	544
3	544	543	511
3	512	481	513
3	513	544	512
3	513	514	546
3	546	545	513
3	514	515	547
3	547	546	514
3	515	516	548
3	548	547	515
3	516	517	549
3	549	548	516
3	517	518	550
3	550	549	517
3	518	519	551
3	551	550	518
3	519	520	552
3	552	551	519
3	520	521	553
3	553	552	520
3	521	522	554
3	554	553	521
3	522	523	555
3	555	554	522
3	523	524	556
3	556	555	523
3	524	525	557
3	557	556	524
3	525	526	558
3	558	557	525
3	526	527	559
3	559	558	526
3	527	528	560
3	560	559	527
3	528	529	561
3	561	560	528
3	529	530	562
3	562	561	529
3	530	531	563
3	563	562	530
3	531	532	564
3	564	563	531
3	532	533	565
3	565	564	532
3	533	534	566
3	566	565	533
3	534	535	567
3	567	566	534
3	535	536	568
3	568	567	535
3	536	537	569
3	569	568	536
3	537	538	570
3	570	569	537
3	538	539	571
3	571	570	538
3	539	540	572
3	572	571	539
3	540	541	573
3	573	572	540
3	541	542	574
3	574	573	541
3	542	543	575
3	575	574	542
3	543	544	576
3	576	575	543
3	544	513	545
3	545	576	544
3	545	546	578
3	578	577	545
3	546	547	579
3	579	578	546
3	547	548	580
3	580	579	547
3	548	549	581
3	581	580	548
3	549	550	582
3	582	581	549
3	550	551	583
3	583	582	550
3	551	552	584
3	584	583	551
3	552	553	585
3	585	584	552
3	553	554	586
3	586	585	553
3	554	555	587
3	587	586	554
3	555	556	588
3	588	587	555
3	556	557	589
3	589	588	556
3	557	558	590
3	590	589	557
3	558	559	591
3	591	590	558
3	559	560	592
3	592	591	559
3	560	561	593
3	593	592	560
3	561	562	594
3	594	593	561
3	562	563	595
3	595	594	562
3	563	564	596
3	596	595	563
3	564	565	597
3	597	596	564
3	565	566	598
3	598	597	565
3	566	567	599
3	599	598	566
3	567	568	600
3	600	599	567
3	568	569	601
3	601	600	568
3	569	570	602
3	602	601	569
3	570	571	603
3	603	602	570
3	571	572	604
3	604	603	571
3	572	573	605
3	605	604	572
3	573	574	606
3	606	605	573
3	574	575	607
3	607	606	574
3	575	576	608
3	608	607	575
3	576	545	577
3	577	608	576
3	577	578	610
3	610	609	577
3	578	579	611
3	611	610	578
3	579	580	612
3	612	611	579
3	580	581	613
3	613	612	580
3	581	582	614
3	614	613	581
3	582	583	615
3	615	614	582
3	583	584	616
3	616	615	583
3	584	585	617
3	617	616	584
3	585	586	618
3	618	617	585
3	586	587	619
3	619	618	586
3	587	588	620
3	620	619	587
3	588	589	621
3	621	620	588
3	589	590	622
3	622	621	589
3	590	591	623
3	623	622	590
3	591	592	624
3	624	623	591
3	592	593	625
3	625	624	592
3	593	594	626
3	626	625	593
3	594	595	627
3	627	626	594
3	595	596	628
3	628	627	595
3	596	597	629
3	629	628	596
3	597	598	630
3	630	629	597
3	598	599	631
3	631	630	598
3	599	600	632
3	632	631	599
3	600	601	633
3	633	632	600
3	601	602	634
3	634	633	601
3	602	603	635
3	635	634	602
3	603	604	636
3	636	635	603
3	604	605	637
3	637	636	604
3	605	606	638
3	638	637	605
3	606	607	639
3	639	638	606
3	607	608	640
3	640	639	607
3	608	577	609
3	609	640	608
3	609	610	642
3	642	641	609
3	610	611	643
3	643	642	610
3	611	612	644
3	644	643	611
3	612	613	645
3	645	644	612
3	613	614	646
3	646	645	613
3	614	615	647
3	647	646	614
3	615	616	648
3	648	647	615
3	616	617	649
3	649	648	616
3	617	618	650
3	650	649	617
3	618	619	651
3	651	650	618
3	619	620	652
3	652	651	619
3	620	621	653
3	653	652	620
3	621	622	654
3	654	653	621
3	622	623	655
3	655	654	622
3	623	624	656
3	656	655	623
3	624	625	657
3	657	656	624
3	625	626	658
3	658	657	625
3	626	627	659
3	659	658	626
3	627	628	660
3	660	659	627
3	628	629	661
3	661	660	628
3	629	630	662
3	662	661	629
3	630	631	663
3	663	662	630
3	631	632	664
3	664	663	631
3	632	633	665
3	665	664	632
3	633	634	666
3	666	665	633
3	634	635	667
3	667	666	634
3	635	636	668
3	668	667	635
3	636	637	669
3	669	668	636
3	637	638	670
3	670	669	637
3	638	639	671
3	671	670	638
3	639	640	672
3	672	671	639
3	640	609	641
3	641	672	640
3	641	642	674
3	674	673	641
3	642	643	675
3	675	674	642
3	643	644	676
3	676	675	643
3	644	645	677
3	677	676	644
3	645	646	678
3	678	677	645
3	646	647	679
3	679	678	646
3	647	648	680
3	680	679	647
3	648	649	681
3	681	680	648
3	649	650	682
3	682	681	649
3	650	651	683
3	683	682	650
3	651	652	684
3	684	683	651
3	652	653	685
3	685	684	652
3	653	654	686
3	686	685	653
3	654	655	687
3	687	686	654
3	655	656	688
3	688	687	655
3	656	657	689
3	689	688	656
3	657	658	690
3	690	689	657
3	658	659	691
3	691	690	658
3	659	660	692
3	692	691	659
3	660	661	693
3	693	692	660
3	661	662	694
3	694	693	661
3	662	663	695
3	695	694	662
3	663	664	696
3	696	695	663
3	664	665	697
3	697	696	664
3	665	666	698
3	698	697	665
3	666	667	699
3	699	698	666
3	667	668	700
3	700	699	667
3	668	669	701
3	701	700	668
3	669	670	702
3	702	701	669
3	670	671	703
3	703	702	670
3	671	672	704
3	704	703	671
3	672	641	673
3	673	704	672
3	673	674	706
3	706	705	673
3	674	675	707
3	707	706	674
3	675	676	708
3	708	707	675
3	676	677	709
3	709	708	676
3	677	678	710
3	710	709	677
3	678	679	711
3	711	710	678
3	679	680	712
3	712	711	679
3	680	681	713
3	713	712	680
3	681	682	714
3	714	713	681
3	682	683	715
3	715	714	682
3	683	684	716
3	716	715	683
3	684	685	717
3	717	716	684
3	685	686	718
3	718	717	685
3	686	687	719
3	719	718	686
3	687	688	720
3	720	719	687
3	688	689	721
3	721	720	688
3	689	690	722
3	722	721	689
3	690	691	723
3	723	722	690
3	691	692	724
3	724	723	691
3	692	693	725
3	725	724	692
3	693	694	726
3	726	725	693
3	694	695	727
3	727	726	694
3	695	696	728
3	728	727	695
3	696	697	729
3	729	728	696
3	697	698	730
3	730	729	697
3	698	699	731
3	731	730	698
3	699	700	732
3	732	731	699
3	700	701	733
3	733	732	700
3	701	702	734
3	734	733	701
3	702	703	735
3	735	734	702
3	703	704	736
3	736	735	703
3	704	673	705
3	705	736	704
3	705	706	738
3	738	737	705
3	706	707	739
3	739	738	706
3	707	708	740
3	740	739	707
3	708	709	741
3	741	740	708
3	709	710	742
3	742	741	709
3	710	711	743
3	743	742	710
3	711	712	744
3	744	743	711
3	712	713	745
3	745	744	712
3	713	714	746
3	746	745	713
3	714	715	747
3	747	746	714
3	715	716	748
3	748	747	715
3	716	717	749
3	749	748	716
3	717	718	750
3	750	749	717
3	718	719	751
3	751	750	718
3	719	720	752
3	752	751	719
3	720	721	753
3	753	752	720
3	721	722	754
3	754	753	721
3	722	723	755
3	755	754	722
3	723	724	756
3	756	755	723
3	724	725	757
3	757	756	724
3	725	726	758
3	758	757	725
3	726	727	759
3	759	758	726
3	727	728	760
3	760	759	727
3	728	729	761
3	761	760	728
3	729	730	762
3	762	761	729
3	730	731	763
3	763	762	730
3	731	732	764
3	764	763	731
3	732	733	765
3	765	764	732
3	733	734	766
3	766	765	733
3	734	735	767
3	767	766	734
3	735	736	768
3	768	767	735
3	736	705	737
3	737	768	736
3	737	738	770
3	770	769	737
3	738	739	771
3	771	770	738
3	739	740	772
3	772	771	739
3	740	741	773
3	773	772	740
3	741	742	774
3	774	773	741
3	742	743	775
3	775	774	742
3	743	744	776
3	776	775	743
3	744	745	777
3	777	776	744
3	745	746	778
3	778	777	745
3	746	747	779
3	779	778	746
3	747	748	780
3	780	779	747
3	748	749	781
3	781	780	748
3	749	750	782
3	782	781	749
3	750	751	783
3	783	782	750
3	751	752	784
3	784	783	751
3	752	753	785
3	785	784	752
3	753	754	786
3	786	785	753
3	754	755	787
3	787	786	754
3	755	756	788
3	788	787	755
3	756	757	789
3	789	788	756
3	757	758	790
3	790	789	757
3	758	759	791
3	791	790	758
3	759	760	792
3	792	791	759
3	760	761	793
3	793	792	760
3	761	762	794
3	794	793	761
3	762	763	795
3	795	794	762
3	763	764	796
3	796	795	763
3	764	765	797
3	797	796	764
3	765	766	798
3	798	797	765
3	766	767	799
3	799	798	766
3	767	768	800
3	800	799	767
3	768	737	769
3	769	800	768
3	769	770	801
3	770	771	801
3	771	772	801
3	772	773	801
3	773	774	801
3	774	775	801
3	775	776	801
3	776	777	801
3	777	778	801
3	778	779	801
3	779	780	801
3	780	781	801
3	781	782	801
3	782	783	801
3	783	784	801
3	784	785	801
3	785	786	801
3	786	787	801
3	787	788	801
3	788	789	801
3	789	790	801
3	790	791	801
3	791	792	801
3	792	793	801
3	793	794	801
3	794	795	801
3	795	796	801
3	796	797	801
3	797	798	801
3	798	799	801
3	799	800	801
3	800	769	801
3	802	806	807
3	807	803	802
3	804	808	809
3	809	805	804
3	806	810	811
3	811	807	806
3	882	883	812
3	812	808	882
3	808	812	813
3	813	809	808
3	810	814	815
3	815	811	810
3	866	816	812
3	812	883	881
3	866	812	881
3	812	816	817
3	817	813	812
3	818	819	823
3	823	822	818
3	860	820	824
3	824	876	860
3	820	821	825
3	825	824	820
3	822	823	827
3	827	826	822
3	876	824	828
3	828	877	876
3	824	825	829
3	829	828	824
3	826	827	831
3	831	830	826
3	828	829	833
3	833	832	828
3	802	803	835
3	835	834	802
3	804	805	837
3	837	836	804
3	834	835	847
3	847	846	834
3	836	837	849
3	849	848	836
3	846	847	819
3	819	818	846
3	848	849	821
3	821	820	848
3	805	809	838
3	838	837	805
3	809	813	839
3	839	838	809
3	813	817	840
3	840	839	813
3	837	838	850
3	850	849	837
3	838	839	851
3	851	850	838
3	839	840	852
3	852	851	839
3	849	850	825
3	825	821	849
3	850	851	829
3	829	825	850
3	851	852	833
3	833	829	851
3	817	816	841
3	841	840	817
3	815	814	843
3	843	842	815
3	840	841	853
3	853	852	840
3	842	843	855
3	855	854	842
3	852	853	832
3	832	833	852
3	854	855	830
3	830	831	854
3	814	810	844
3	844	843	814
3	810	806	845
3	845	844	810
3	806	802	834
3	834	845	806
3	843	844	856
3	856	855	843
3	844	845	857
3	857	856	844
3	845	834	846
3	846	857	845
3	855	856	826
3	826	830	855
3	856	857	822
3	822	826	856
3	857	846	818
3	818	822	857
3	874	877	828
3	859	874	828
3	832	859	828
3	860	878	848
3	848	820	860
3	864	893	854
3	854	831	864
3	888	892	823
3	887	888	823
3	865	887	823
3	819	865	823
3	866	879	841
3	841	816	866
3	869	882	808
3	808	804	869
3	901	902	811
3	897	901	811
3	896	897	811
3	900	896	811
3	872	900	811
3	815	872	811
3	873	894	835
3	835	803	873
3	859	832	853
3	853	875	859
3	890	827	823
3	823	892	890
3	878	880	836
3	836	848	878
3	875	853	841
3	841	879	875
3	869	804	836
3	836	880	869
3	807	811	902
3	902	903	807
3	871	873	899
3	871	899	898
3	868	871	898
3	898	903	882
3	868	898	882
3	869	868	882
3	883	902	901
3	900	872	870
3	896	900	870
3	897	896	870
3	897	870	867
3	867	866	881
3	897	867	881
3	901	897	881
3	883	901	881
3	864	831	827
3	889	864	827
3	886	889	827
3	885	886	827
3	827	890	891
3	885	827	891
3	865	819	847
3	847	884	865
3	891	890	877
3	891	877	874
3	885	891	874
3	874	859	858
3	885	874	858
3	885	858	862
3	886	885	862
3	889	886	862
3	864	889	862
3	890	892	876
3	876	877	890
3	887	865	863
3	888	887	863
3	888	863	861
3	861	860	876
3	888	861	876
3	888	876	892
3	893	895	842
3	842	854	893
3	884	847	835
3	835	894	884
3	873	803	807
3	899	873	807
3	898	899	807
3	898	807	903
3	883	882	903
3	903	902	883
3	872	815	842
3	842	895	872
3	859	904	907
3	907	858	859
3	905	908	909
3	909	906	905
3	861	863	911
3	911	908	861
3	908	911	912
3	912	909	908
3	865	914	911
3	911	863	865
3	911	914	915
3	915	912	911
3	869	917	920
3	920	868	869
3	917	918	921
3	921	920	917
3	867	870	922
3	922	919	867
3	920	921	924
3	924	923	920
3	872	925	922
3	922	870	872
3	923	924	927
3	927	926	923
3	905	906	930
3	930	929	905
3	928	875	879
3	879	938	928
3	929	930	940
3	940	939	929
3	866	916	938
3	938	879	866
3	939	940	918
3	918	917	939
3	906	909	931
3	931	930	906
3	909	912	932
3	932	931	909
3	912	915	933
3	933	932	912
3	930	931	941
3	941	940	930
3	931	932	942
3	942	941	931
3	932	933	943
3	943	942	932
3	940	941	921
3	921	918	940
3	941	942	924
3	924	921	941
3	942	943	927
3	927	924	942
3	915	914	934
3	934	933	915
3	864	913	935
3	935	893	864
3	933	934	944
3	944	943	933
3	935	945	895
3	895	893	935
3	943	944	926
3	926	927	943
3	913	910	936
3	936	935	913
3	910	907	937
3	937	936	910
3	907	904	928
3	928	937	907
3	935	936	946
3	946	945	935
3	936	937	947
3	947	946	936
3	937	928	938
3	938	947	937
3	945	946	922
3	922	925	945
3	946	947	919
3	919	922	946
3	947	938	916
3	916	919	947
3	869	880	939
3	939	917	869
3	873	871	923
3	923	926	873
3	866	867	919
3	919	916	866
3	872	895	945
3	945	925	872
3	860	861	908
3	908	905	860
3	865	884	934
3	934	914	865
3	859	875	928
3	928	904	859
3	864	862	910
3	910	913	864
3	868	920	923
3	923	871	868
3	880	878	929
3	929	939	880
3	873	926	944
3	944	894	873
3	860	905	929
3	929	878	860
3	894	944	934
3	934	884	894
3	907	910	862
3	862	858	907
