data 1568 1152
         1.4          2.4  4.30775e-09
       1.381        2.455  4.40647e-09
       1.384        2.488   4.4657e-09
       1.403        2.498  4.48365e-09
       1.432        2.487  4.46391e-09
       1.467        2.455  4.40647e-09
         1.5          2.4  4.30775e-09
       1.351          2.4        0.376
       1.333        2.455        0.371
       1.336        2.488        0.372
       1.354        2.498        0.377
       1.382        2.487        0.385
       1.415        2.455        0.394
       1.447          2.4        0.403
       1.211          2.4        0.711
       1.195        2.455        0.702
       1.198        2.488        0.703
       1.214        2.498        0.713
       1.239        2.488        0.728
       1.269        2.455        0.745
       1.298          2.4        0.762
       0.994          2.4        0.994
       0.981        2.455        0.981
       0.983        2.488        0.983
       0.996        2.498        0.996
       1.017        2.487        1.017
       1.041        2.455        1.041
       1.065          2.4        1.065
       0.711          2.4        1.211
       0.702        2.455        1.195
       0.703        2.488        1.198
       0.713        2.498        1.214
       0.728        2.487        1.239
       0.745        2.455        1.269
       0.762          2.4        1.298
       0.376          2.4        1.351
       0.371        2.455        1.333
       0.372        2.488        1.336
       0.377        2.498        1.354
       0.385        2.487        1.382
       0.394        2.455        1.415
       0.403          2.4        1.447
           0          2.4          1.4
           0        2.455        1.381
           0        2.488        1.384
           0        2.498        1.403
           0        2.487        1.432
           0        2.455        1.467
           0          2.4          1.5
           0          2.4          1.4
           0        2.455        1.381
           0        2.488        1.384
           0        2.498        1.403
           0        2.487        1.432
           0        2.455        1.467
           0          2.4          1.5
      -0.376          2.4        1.351
      -0.371        2.455        1.333
      -0.372        2.488        1.336
      -0.377        2.498        1.354
      -0.385        2.487        1.382
      -0.394        2.455        1.415
      -0.403          2.4        1.447
      -0.711          2.4        1.211
      -0.702        2.455        1.195
      -0.703        2.488        1.198
      -0.713        2.498        1.214
      -0.728        2.488        1.239
      -0.745        2.455        1.269
      -0.762          2.4        1.298
      -0.994          2.4        0.994
      -0.981        2.455        0.981
      -0.983        2.488        0.983
      -0.996        2.498        0.996
      -1.017        2.487        1.017
      -1.041        2.455        1.041
      -1.065          2.4        1.065
      -1.211          2.4        0.711
      -1.195        2.455        0.702
      -1.198        2.488        0.703
      -1.214        2.498        0.713
      -1.239        2.487        0.728
      -1.269        2.455        0.745
      -1.298          2.4        0.762
      -1.351          2.4        0.376
      -1.333        2.455        0.371
      -1.336        2.488        0.372
      -1.354        2.498        0.377
      -1.382        2.487        0.385
      -1.415        2.455        0.394
      -1.447          2.4        0.403
        -1.4          2.4  4.30775e-09
      -1.381        2.455  4.40647e-09
      -1.384        2.488   4.4657e-09
      -1.403        2.498  4.48365e-09
      -1.432        2.487  4.46391e-09
      -1.467        2.455  4.40647e-09
        -1.5          2.4  4.30775e-09
        -1.4          2.4  4.30775e-09
      -1.381        2.455  4.40647e-09
      -1.384        2.488   4.4657e-09
      -1.403        2.498  4.48365e-09
      -1.432        2.487  4.46391e-09
      -1.467        2.455  4.40647e-09
        -1.5          2.4  4.30775e-09
      -1.351          2.4       -0.376
      -1.333        2.455       -0.371
      -1.336        2.488       -0.372
      -1.354        2.498       -0.377
      -1.382        2.487       -0.385
      -1.415        2.455       -0.394
      -1.447          2.4       -0.403
      -1.211          2.4       -0.711
      -1.195        2.455       -0.702
      -1.198        2.488       -0.703
      -1.214        2.498       -0.713
      -1.239        2.488       -0.728
      -1.269        2.455       -0.745
      -1.298          2.4       -0.762
      -0.994          2.4       -0.994
      -0.981        2.455       -0.981
      -0.983        2.488       -0.983
      -0.996        2.498       -0.996
      -1.017        2.487       -1.017
      -1.041        2.455       -1.041
      -1.065          2.4       -1.065
      -0.711          2.4       -1.211
      -0.702        2.455       -1.195
      -0.703        2.488       -1.198
      -0.713        2.498       -1.214
      -0.728        2.487       -1.239
      -0.745        2.455       -1.269
      -0.762          2.4       -1.298
      -0.376          2.4       -1.351
      -0.371        2.455       -1.333
      -0.372        2.488       -1.336
      -0.377        2.498       -1.354
      -0.385        2.487       -1.382
      -0.394        2.455       -1.415
      -0.403          2.4       -1.447
           0          2.4         -1.4
           0        2.455       -1.381
           0        2.488       -1.384
           0        2.498       -1.403
           0        2.487       -1.432
           0        2.455       -1.467
           0          2.4         -1.5
           0          2.4         -1.4
           0        2.455       -1.381
           0        2.488       -1.384
           0        2.498       -1.403
           0        2.487       -1.432
           0        2.455       -1.467
           0          2.4         -1.5
       0.376          2.4       -1.351
       0.371        2.455       -1.333
       0.372        2.488       -1.336
       0.377        2.498       -1.354
       0.385        2.487       -1.382
       0.394        2.455       -1.415
       0.403          2.4       -1.447
       0.711          2.4       -1.211
       0.702        2.455       -1.195
       0.703        2.488       -1.198
       0.713        2.498       -1.214
       0.728        2.488       -1.239
       0.745        2.455       -1.269
       0.762          2.4       -1.298
       0.994          2.4       -0.994
       0.981        2.455       -0.981
       0.983        2.488       -0.983
       0.996        2.498       -0.996
       1.017        2.487       -1.017
       1.041        2.455       -1.041
       1.065          2.4       -1.065
       1.211          2.4       -0.711
       1.195        2.455       -0.702
       1.198        2.488       -0.703
       1.214        2.498       -0.713
       1.239        2.487       -0.728
       1.269        2.455       -0.745
       1.298          2.4       -0.762
       1.351          2.4       -0.376
       1.333        2.455       -0.371
       1.336        2.488       -0.372
       1.354        2.498       -0.377
       1.382        2.487       -0.385
       1.415        2.455       -0.394
       1.447          2.4       -0.403
         1.4          2.4  4.30775e-09
       1.381        2.455  4.40647e-09
       1.384        2.488   4.4657e-09
       1.403        2.498  4.48365e-09
       1.432        2.487  4.46391e-09
       1.467        2.455  4.40647e-09
         1.5          2.4  4.30775e-09
         1.5          2.4  4.30775e-09
       1.624        2.138  3.83749e-09
       1.741        1.878  3.37082e-09
       1.844        1.622  2.91132e-09
       1.926        1.372   2.4626e-09
        1.98        1.131  2.03003e-09
           2          0.9  1.61541e-09
       1.447          2.4        0.403
       1.567        2.138        0.436
       1.679        1.878        0.467
       1.779        1.622        0.495
       1.858        1.372        0.517
       1.911        1.131        0.532
        1.93          0.9        0.537
       1.298          2.4        0.762
       1.405        2.138        0.825
       1.506        1.878        0.885
       1.595        1.622        0.937
       1.666        1.372        0.979
       1.713        1.131        1.006
        1.73          0.9        1.016
       1.065          2.4        1.065
       1.153        2.138        1.153
       1.236        1.878        1.236
       1.309        1.622        1.309
       1.367        1.372        1.367
       1.406        1.131        1.406
        1.42          0.9         1.42
       0.762          2.4        1.298
       0.825        2.138        1.405
       0.885        1.878        1.506
       0.937        1.622        1.595
       0.979        1.372        1.666
       1.006        1.131        1.713
       1.016          0.9         1.73
       0.403          2.4        1.447
       0.436        2.138        1.567
       0.467        1.878        1.679
       0.495        1.622        1.779
       0.517        1.372        1.858
       0.532        1.131        1.911
       0.537          0.9         1.93
           0          2.4          1.5
           0        2.138        1.624
           0        1.878        1.741
           0        1.622        1.844
           0        1.372        1.926
           0        1.131         1.98
           0          0.9            2
           0          2.4          1.5
           0        2.138        1.624
           0        1.878        1.741
           0        1.622        1.844
           0        1.372        1.926
           0        1.131         1.98
           0          0.9            2
      -0.403          2.4        1.447
      -0.436        2.138        1.567
      -0.467        1.878        1.679
      -0.495        1.622        1.779
      -0.517        1.372        1.858
      -0.532        1.131        1.911
      -0.537          0.9         1.93
      -0.762          2.4        1.298
      -0.825        2.138        1.405
      -0.885        1.878        1.506
      -0.937        1.622        1.595
      -0.979        1.372        1.666
      -1.006        1.131        1.713
      -1.016          0.9         1.73
      -1.065          2.4        1.065
      -1.153        2.138        1.153
      -1.236        1.878        1.236
      -1.309        1.622        1.309
      -1.367        1.372        1.367
      -1.406        1.131        1.406
       -1.42          0.9         1.42
      -1.298          2.4        0.762
      -1.405        2.138        0.825
      -1.506        1.878        0.885
      -1.595        1.622        0.937
      -1.666        1.372        0.979
      -1.713        1.131        1.006
       -1.73          0.9        1.016
      -1.447          2.4        0.403
      -1.567        2.138        0.436
      -1.679        1.878        0.467
      -1.779        1.622        0.495
      -1.858        1.372        0.517
      -1.911        1.131        0.532
       -1.93          0.9        0.537
        -1.5          2.4  4.30775e-09
      -1.624        2.138  3.83749e-09
      -1.741        1.878  3.37082e-09
      -1.844        1.622  2.91132e-09
      -1.926        1.372   2.4626e-09
       -1.98        1.131  2.03003e-09
          -2          0.9  1.61541e-09
        -1.5          2.4  4.30775e-09
      -1.624        2.138  3.83749e-09
      -1.741        1.878  3.37082e-09
      -1.844        1.622  2.91132e-09
      -1.926        1.372   2.4626e-09
       -1.98        1.131  2.03003e-09
          -2          0.9  1.61541e-09
      -1.447          2.4       -0.403
      -1.567        2.138       -0.436
      -1.679        1.878       -0.467
      -1.779        1.622       -0.495
      -1.858        1.372       -0.517
      -1.911        1.131       -0.532
       -1.93          0.9       -0.537
      -1.298          2.4       -0.762
      -1.405        2.138       -0.825
      -1.506        1.878       -0.885
      -1.595        1.622       -0.937
      -1.666        1.372       -0.979
      -1.713        1.131       -1.006
       -1.73          0.9       -1.016
      -1.065          2.4       -1.065
      -1.153        2.138       -1.153
      -1.236        1.878       -1.236
      -1.309        1.622       -1.309
      -1.367        1.372       -1.367
      -1.406        1.131       -1.406
       -1.42          0.9        -1.42
      -0.762          2.4       -1.298
      -0.825        2.138       -1.405
      -0.885        1.878       -1.506
      -0.937        1.622       -1.595
      -0.979        1.372       -1.666
      -1.006        1.131       -1.713
      -1.016          0.9        -1.73
      -0.403          2.4       -1.447
      -0.436        2.138       -1.567
      -0.467        1.878       -1.679
      -0.495        1.622       -1.779
      -0.517        1.372       -1.858
      -0.532        1.131       -1.911
      -0.537          0.9        -1.93
           0          2.4         -1.5
           0        2.138       -1.624
           0        1.878       -1.741
           0        1.622       -1.844
           0        1.372       -1.926
           0        1.131        -1.98
           0          0.9           -2
           0          2.4         -1.5
           0        2.138       -1.624
           0        1.878       -1.741
           0        1.622       -1.844
           0        1.372       -1.926
           0        1.131        -1.98
           0          0.9           -2
       0.403          2.4       -1.447
       0.436        2.138       -1.567
       0.467        1.878       -1.679
       0.495        1.622       -1.779
       0.517        1.372       -1.858
       0.532        1.131       -1.911
       0.537          0.9        -1.93
       0.762          2.4       -1.298
       0.825        2.138       -1.405
       0.885        1.878       -1.506
       0.937        1.622       -1.595
       0.979        1.372       -1.666
       1.006        1.131       -1.713
       1.016          0.9        -1.73
       1.065          2.4       -1.065
       1.153        2.138       -1.153
       1.236        1.878       -1.236
       1.309        1.622       -1.309
       1.367        1.372       -1.367
       1.406        1.131       -1.406
        1.42          0.9        -1.42
       1.298          2.4       -0.762
       1.405        2.138       -0.825
       1.506        1.878       -0.885
       1.595        1.622       -0.937
       1.666        1.372       -0.979
       1.713        1.131       -1.006
        1.73          0.9       -1.016
       1.447          2.4       -0.403
       1.567        2.138       -0.436
       1.679        1.878       -0.467
       1.779        1.622       -0.495
       1.858        1.372       -0.517
       1.911        1.131       -0.532
        1.93          0.9       -0.537
         1.5          2.4  4.30775e-09
       1.624        2.138  3.83749e-09
       1.741        1.878  3.37082e-09
       1.844        1.622  2.91132e-09
       1.926        1.372   2.4626e-09
        1.98        1.131  2.03003e-09
           2          0.9  1.61541e-09
           2          0.9  1.61541e-09
       1.963        0.693  1.24386e-09
        1.87        0.522  9.36936e-10
        1.75        0.384   6.8924e-10
        1.63        0.278  4.98981e-10
       1.537          0.2  3.58979e-10
         1.5         0.15  2.69235e-10
        1.93          0.9        0.537
       1.894        0.693        0.527
       1.805        0.522        0.502
       1.688        0.384         0.47
       1.572        0.278        0.438
       1.483          0.2        0.413
       1.447         0.15        0.403
        1.73          0.9        1.016
       1.698        0.693        0.997
       1.618        0.522         0.95
       1.514        0.384        0.889
        1.41        0.278        0.828
        1.33          0.2        0.781
       1.298         0.15        0.762
        1.42          0.9         1.42
       1.394        0.693        1.394
       1.328        0.522        1.328
       1.242        0.384        1.242
       1.157        0.278        1.157
       1.091          0.2        1.091
       1.065         0.15        1.065
       1.016          0.9         1.73
       0.997        0.693        1.698
        0.95        0.522        1.618
       0.889        0.384        1.514
       0.828        0.278         1.41
       0.781          0.2         1.33
       0.762         0.15        1.298
       0.537          0.9         1.93
       0.527        0.693        1.894
       0.502        0.522        1.805
        0.47        0.384        1.688
       0.438        0.278        1.572
       0.413          0.2        1.483
       0.403         0.15        1.447
           0          0.9            2
           0        0.693        1.963
           0        0.522         1.87
           0        0.384         1.75
           0        0.278         1.63
           0          0.2        1.537
           0         0.15          1.5
           0          0.9            2
           0        0.693        1.963
           0        0.522         1.87
           0        0.384         1.75
           0        0.278         1.63
           0          0.2        1.537
           0         0.15          1.5
      -0.537          0.9         1.93
      -0.527        0.693        1.894
      -0.502        0.522        1.805
       -0.47        0.384        1.688
      -0.438        0.278        1.572
      -0.413          0.2        1.483
      -0.403         0.15        1.447
      -1.016          0.9         1.73
      -0.997        0.693        1.698
       -0.95        0.522        1.618
      -0.889        0.384        1.514
      -0.828        0.278         1.41
      -0.781          0.2         1.33
      -0.762         0.15        1.298
       -1.42          0.9         1.42
      -1.394        0.693        1.394
      -1.328        0.522        1.328
      -1.242        0.384        1.242
      -1.157        0.278        1.157
      -1.091          0.2        1.091
      -1.065         0.15        1.065
       -1.73          0.9        1.016
      -1.698        0.693        0.997
      -1.618        0.522         0.95
      -1.514        0.384        0.889
       -1.41        0.278        0.828
       -1.33          0.2        0.781
      -1.298         0.15        0.762
       -1.93          0.9        0.537
      -1.894        0.693        0.527
      -1.805        0.522        0.502
      -1.688        0.384         0.47
      -1.572        0.278        0.438
      -1.483          0.2        0.413
      -1.447         0.15        0.403
          -2          0.9  1.61541e-09
      -1.963        0.693  1.24386e-09
       -1.87        0.522  9.36936e-10
       -1.75        0.384   6.8924e-10
       -1.63        0.278  4.98981e-10
      -1.537          0.2  3.58979e-10
        -1.5         0.15  2.69235e-10
          -2          0.9  1.61541e-09
      -1.963        0.693  1.24386e-09
       -1.87        0.522  9.36936e-10
       -1.75        0.384   6.8924e-10
       -1.63        0.278  4.98981e-10
      -1.537          0.2  3.58979e-10
        -1.5         0.15  2.69235e-10
       -1.93          0.9       -0.537
      -1.894        0.693       -0.527
      -1.805        0.522       -0.502
      -1.688        0.384        -0.47
      -1.572        0.278       -0.438
      -1.483          0.2       -0.413
      -1.447         0.15       -0.403
       -1.73          0.9       -1.016
      -1.698        0.693       -0.997
      -1.618        0.522        -0.95
      -1.514        0.384       -0.889
       -1.41        0.278       -0.828
       -1.33          0.2       -0.781
      -1.298         0.15       -0.762
       -1.42          0.9        -1.42
      -1.394        0.693       -1.394
      -1.328        0.522       -1.328
      -1.242        0.384       -1.242
      -1.157        0.278       -1.157
      -1.091          0.2       -1.091
      -1.065         0.15       -1.065
      -1.016          0.9        -1.73
      -0.997        0.693       -1.698
       -0.95        0.522       -1.618
      -0.889        0.384       -1.514
      -0.828        0.278        -1.41
      -0.781          0.2        -1.33
      -0.762         0.15       -1.298
      -0.537          0.9        -1.93
      -0.527        0.693       -1.894
      -0.502        0.522       -1.805
       -0.47        0.384       -1.688
      -0.438        0.278       -1.572
      -0.413          0.2       -1.483
      -0.403         0.15       -1.447
           0          0.9           -2
           0        0.693       -1.963
           0        0.522        -1.87
           0        0.384        -1.75
           0        0.278        -1.63
           0          0.2       -1.537
           0         0.15         -1.5
           0          0.9           -2
           0        0.693       -1.963
           0        0.522        -1.87
           0        0.384        -1.75
           0        0.278        -1.63
           0          0.2       -1.537
           0         0.15         -1.5
       0.537          0.9        -1.93
       0.527        0.693       -1.894
       0.502        0.522       -1.805
        0.47        0.384       -1.688
       0.438        0.278       -1.572
       0.413          0.2       -1.483
       0.403         0.15       -1.447
       1.016          0.9        -1.73
       0.997        0.693       -1.698
        0.95        0.522       -1.618
       0.889        0.384       -1.514
       0.828        0.278        -1.41
       0.781          0.2        -1.33
       0.762         0.15       -1.298
        1.42          0.9        -1.42
       1.394        0.693       -1.394
       1.328        0.522       -1.328
       1.242        0.384       -1.242
       1.157        0.278       -1.157
       1.091          0.2       -1.091
       1.065         0.15       -1.065
        1.73          0.9       -1.016
       1.698        0.693       -0.997
       1.618        0.522        -0.95
       1.514        0.384       -0.889
        1.41        0.278       -0.828
        1.33          0.2       -0.781
       1.298         0.15       -0.762
        1.93          0.9       -0.537
       1.894        0.693       -0.527
       1.805        0.522       -0.502
       1.688        0.384        -0.47
       1.572        0.278       -0.438
       1.483          0.2       -0.413
       1.447         0.15       -0.403
           2          0.9  1.61541e-09
       1.963        0.693  1.24386e-09
        1.87        0.522  9.36936e-10
        1.75        0.384   6.8924e-10
        1.63        0.278  4.98981e-10
       1.537          0.2  3.58979e-10
         1.5         0.15  2.69235e-10
        -1.6        2.025  3.63467e-09
      -1.925        2.024  3.63287e-09
      -2.196        2.017  3.62031e-09
      -2.413        1.997  3.58441e-09
       -2.57        1.958  3.51441e-09
      -2.667        1.895  3.40133e-09
        -2.7          1.8  3.23081e-09
      -1.593        2.042        0.125
      -1.927        2.041        0.125
      -2.206        2.033        0.125
      -2.428        2.011        0.125
       -2.59         1.97        0.125
      -2.689        1.902        0.125
      -2.722          1.8        0.125
      -1.574        2.083          0.2
      -1.933        2.082          0.2
      -2.232        2.073          0.2
      -2.468        2.048          0.2
      -2.639        1.999          0.2
      -2.743        1.919          0.2
      -2.778          1.8          0.2
       -1.55        2.138        0.225
      -1.941        2.136        0.225
      -2.265        2.125        0.225
      -2.519        2.095        0.225
      -2.702        2.038        0.225
      -2.813        1.942        0.225
       -2.85          1.8        0.225
      -1.526        2.192          0.2
       -1.95         2.19          0.2
      -2.298        2.177          0.2
       -2.57        2.143          0.2
      -2.765        2.076          0.2
      -2.883        1.965          0.2
      -2.922          1.8          0.2
      -1.507        2.233        0.125
      -1.956        2.231        0.125
      -2.323        2.217        0.125
      -2.609        2.179        0.125
      -2.814        2.105        0.125
      -2.937        1.983        0.125
      -2.978          1.8        0.125
        -1.5         2.25  4.03852e-09
      -1.958        2.248  4.03493e-09
      -2.333        2.233    4.008e-09
      -2.625        2.194    3.938e-09
      -2.833        2.117   3.7998e-09
      -2.958         1.99  3.57184e-09
          -3          1.8  3.23081e-09
        -1.5         2.25  4.03852e-09
      -1.958        2.248  4.03493e-09
      -2.333        2.233    4.008e-09
      -2.625        2.194    3.938e-09
      -2.833        2.117   3.7998e-09
      -2.958         1.99  3.57184e-09
          -3          1.8  3.23081e-09
      -1.507        2.233       -0.125
      -1.956        2.231       -0.125
      -2.323        2.217       -0.125
      -2.609        2.179       -0.125
      -2.814        2.105       -0.125
      -2.937        1.983       -0.125
      -2.978          1.8       -0.125
      -1.526        2.192         -0.2
       -1.95         2.19         -0.2
      -2.298        2.177         -0.2
       -2.57        2.143         -0.2
      -2.765        2.076         -0.2
      -2.883        1.965         -0.2
      -2.922          1.8         -0.2
       -1.55        2.138       -0.225
      -1.941        2.136       -0.225
      -2.265        2.125       -0.225
      -2.519        2.095       -0.225
      -2.702        2.038       -0.225
      -2.813        1.942       -0.225
       -2.85          1.8       -0.225
      -1.574        2.083         -0.2
      -1.933        2.082         -0.2
      -2.232        2.073         -0.2
      -2.468        2.048         -0.2
      -2.639        1.999         -0.2
      -2.743        1.919         -0.2
      -2.778          1.8         -0.2
      -1.593        2.042       -0.125
      -1.927        2.041       -0.125
      -2.206        2.033       -0.125
      -2.428        2.011       -0.125
       -2.59         1.97       -0.125
      -2.689        1.902       -0.125
      -2.722          1.8       -0.125
        -1.6        2.025  3.63467e-09
      -1.925        2.024  3.63287e-09
      -2.196        2.017  3.62031e-09
      -2.413        1.997  3.58441e-09
       -2.57        1.958  3.51441e-09
      -2.667        1.895  3.40133e-09
        -2.7          1.8  3.23081e-09
        -2.7          1.8  3.23081e-09
      -2.683        1.671  2.99927e-09
       -2.63        1.517  2.72286e-09
      -2.538         1.35  2.42311e-09
      -2.404        1.183  2.12336e-09
      -2.225        1.029  1.84695e-09
          -2          0.9  1.61541e-09
      -2.722          1.8        0.125
      -2.704        1.664        0.125
      -2.648        1.505        0.125
      -2.552        1.336        0.125
      -2.412        1.167        0.125
      -2.227         1.01        0.125
      -1.993        0.878        0.125
      -2.778          1.8          0.2
      -2.757        1.647          0.2
      -2.695        1.477          0.2
      -2.588          1.3          0.2
      -2.433        1.126          0.2
       -2.23        0.963          0.2
      -1.974        0.822          0.2
       -2.85          1.8        0.225
      -2.827        1.625        0.225
      -2.756         1.44        0.225
      -2.634        1.254        0.225
      -2.461        1.072        0.225
      -2.234        0.902        0.225
       -1.95         0.75        0.225
      -2.922          1.8          0.2
      -2.896        1.602          0.2
      -2.816        1.403          0.2
      -2.681        1.208          0.2
      -2.489        1.019          0.2
      -2.238        0.841          0.2
      -1.926        0.678          0.2
      -2.978          1.8        0.125
      -2.949        1.585        0.125
      -2.863        1.375        0.125
      -2.717        1.172        0.125
       -2.51        0.978        0.125
      -2.241        0.794        0.125
      -1.907        0.622        0.125
          -3          1.8  3.23081e-09
      -2.971        1.578  2.83235e-09
      -2.881        1.364  2.44824e-09
      -2.731        1.158  2.07849e-09
      -2.519        0.961   1.7249e-09
      -2.242        0.775  1.39104e-09
        -1.9          0.6  1.07694e-09
          -3          1.8  3.23081e-09
      -2.971        1.578  2.83235e-09
      -2.881        1.364  2.44824e-09
      -2.731        1.158  2.07849e-09
      -2.519        0.961   1.7249e-09
      -2.242        0.775  1.39104e-09
        -1.9          0.6  1.07694e-09
      -2.978          1.8       -0.125
      -2.949        1.585       -0.125
      -2.863        1.375       -0.125
      -2.717        1.172       -0.125
       -2.51        0.978       -0.125
      -2.241        0.794       -0.125
      -1.907        0.622       -0.125
      -2.922          1.8         -0.2
      -2.896        1.602         -0.2
      -2.816        1.403         -0.2
      -2.681        1.208         -0.2
      -2.489        1.019         -0.2
      -2.238        0.841         -0.2
      -1.926        0.678         -0.2
       -2.85          1.8       -0.225
      -2.827        1.625       -0.225
      -2.756         1.44       -0.225
      -2.634        1.254       -0.225
      -2.461        1.072       -0.225
      -2.234        0.902       -0.225
       -1.95         0.75       -0.225
      -2.778          1.8         -0.2
      -2.757        1.647         -0.2
      -2.695        1.477         -0.2
      -2.588          1.3         -0.2
      -2.433        1.126         -0.2
       -2.23        0.963         -0.2
      -1.974        0.822         -0.2
      -2.722          1.8       -0.125
      -2.704        1.664       -0.125
      -2.648        1.505       -0.125
      -2.552        1.336       -0.125
      -2.412        1.167       -0.125
      -2.227         1.01       -0.125
      -1.993        0.878       -0.125
        -2.7          1.8  3.23081e-09
      -2.683        1.671  2.99927e-09
       -2.63        1.517  2.72286e-09
      -2.538         1.35  2.42311e-09
      -2.404        1.183  2.12336e-09
      -2.225        1.029  1.84695e-09
          -2          0.9  1.61541e-09
         1.7        1.425  2.55773e-09
       2.059        1.476  2.64927e-09
        2.27        1.611  2.89158e-09
       2.388          1.8  3.23081e-09
       2.463        2.014  3.61492e-09
        2.55        2.224  3.99185e-09
         2.7          2.4  4.30775e-09
         1.7        1.364        0.275
       2.072        1.425        0.262
        2.29        1.572        0.231
        2.41        1.774         0.19
       2.488        1.999        0.148
        2.58        2.218        0.117
       2.744          2.4        0.104
         1.7        1.211         0.44
       2.106        1.297         0.42
        2.34        1.474        0.369
       2.465        1.708        0.303
       2.549        1.963        0.238
       2.658        2.205        0.187
       2.856          2.4        0.167
         1.7        1.013        0.495
        2.15        1.131        0.472
       2.404        1.347        0.415
       2.537        1.622        0.341
        2.63        1.915        0.267
       2.758        2.188         0.21
           3          2.4        0.188
         1.7        0.814         0.44
       2.195        0.965         0.42
       2.468         1.22        0.369
        2.61        1.536        0.303
        2.71        1.868        0.238
       2.858        2.171        0.187
       3.144          2.4        0.167
         1.7        0.661        0.275
       2.229        0.837        0.262
       2.517        1.122        0.231
       2.665         1.47         0.19
       2.772        1.831        0.148
       2.935        2.157        0.117
       3.256          2.4        0.104
         1.7          0.6  1.07694e-09
       2.242        0.785  1.40899e-09
       2.537        1.083  1.94387e-09
       2.688        1.444  2.59183e-09
       2.796        1.817  3.26133e-09
       2.966        2.152  3.86262e-09
         3.3          2.4  4.30775e-09
         1.7          0.6  1.07694e-09
       2.242        0.785  1.40899e-09
       2.537        1.083  1.94387e-09
       2.688        1.444  2.59183e-09
       2.796        1.817  3.26133e-09
       2.966        2.152  3.86262e-09
         3.3          2.4  4.30775e-09
         1.7        0.661       -0.275
       2.229        0.837       -0.262
       2.517        1.122       -0.231
       2.665         1.47        -0.19
       2.772        1.831       -0.148
       2.935        2.157       -0.117
       3.256          2.4       -0.104
         1.7        0.814        -0.44
       2.195        0.965        -0.42
       2.468         1.22       -0.369
        2.61        1.536       -0.303
        2.71        1.868       -0.238
       2.858        2.171       -0.187
       3.144          2.4       -0.167
         1.7        1.013       -0.495
        2.15        1.131       -0.472
       2.404        1.347       -0.415
       2.537        1.622       -0.341
        2.63        1.915       -0.267
       2.758        2.188        -0.21
           3          2.4       -0.188
         1.7        1.211        -0.44
       2.106        1.297        -0.42
        2.34        1.474       -0.369
       2.465        1.708       -0.303
       2.549        1.963       -0.238
       2.658        2.205       -0.187
       2.856          2.4       -0.167
         1.7        1.364       -0.275
       2.072        1.425       -0.262
        2.29        1.572       -0.231
        2.41        1.774        -0.19
       2.488        1.999       -0.148
        2.58        2.218       -0.117
       2.744          2.4       -0.104
         1.7        1.425  2.55773e-09
       2.059        1.476  2.64927e-09
        2.27        1.611  2.89158e-09
       2.388          1.8  3.23081e-09
       2.463        2.014  3.61492e-09
        2.55        2.224  3.99185e-09
         2.7          2.4  4.30775e-09
         2.7          2.4  4.30775e-09
       2.749        2.431  4.36339e-09
       2.793         2.45   4.3975e-09
       2.825        2.456  4.40827e-09
       2.841         2.45   4.3975e-09
       2.834        2.431  4.36339e-09
         2.8          2.4  4.30775e-09
       2.744          2.4        0.104
       2.796        2.432        0.101
        2.84        2.451        0.093
        2.87        2.458        0.083
       2.881        2.452        0.073
       2.869        2.432        0.066
        2.83          2.4        0.063
       2.856          2.4        0.167
       2.915        2.434        0.162
       2.958        2.454        0.149
       2.981        2.462        0.133
       2.982        2.455        0.117
       2.958        2.435        0.105
       2.904          2.4          0.1
           3          2.4        0.188
       3.069        2.436        0.182
       3.111        2.458        0.168
       3.127        2.467         0.15
       3.114         2.46        0.132
       3.072        2.438        0.118
           3          2.4        0.113
       3.144          2.4        0.167
       3.222        2.438        0.162
       3.264        2.462        0.149
       3.272        2.472        0.133
       3.245        2.465        0.117
       3.187        2.442        0.105
       3.096          2.4          0.1
       3.256          2.4        0.104
       3.341         2.44        0.101
       3.382        2.465        0.093
       3.383        2.476        0.083
       3.347        2.469        0.073
       3.275        2.445        0.066
        3.17          2.4        0.062
         3.3          2.4  4.30775e-09
       3.388         2.44  4.37955e-09
        3.43        2.467  4.42801e-09
       3.428        2.477  4.44596e-09
       3.387        2.471  4.43519e-09
        3.31        2.446  4.39032e-09
         3.2          2.4  4.30775e-09
         3.3          2.4  4.30775e-09
       3.388         2.44  4.37955e-09
        3.43        2.467  4.42801e-09
       3.428        2.477  4.44596e-09
       3.387        2.471  4.43519e-09
        3.31        2.446  4.39032e-09
         3.2          2.4  4.30775e-09
       3.256          2.4       -0.104
       3.341         2.44       -0.101
       3.382        2.465       -0.093
       3.383        2.476       -0.083
       3.347        2.469       -0.073
       3.275        2.445       -0.066
        3.17          2.4       -0.063
       3.144          2.4       -0.167
       3.222        2.438       -0.162
       3.264        2.462       -0.149
       3.272        2.472       -0.133
       3.245        2.465       -0.117
       3.187        2.442       -0.105
       3.096          2.4         -0.1
           3          2.4       -0.188
       3.069        2.436       -0.182
       3.111        2.458       -0.168
       3.127        2.467        -0.15
       3.114         2.46       -0.132
       3.072        2.438       -0.118
           3          2.4       -0.113
       2.856          2.4       -0.167
       2.915        2.434       -0.162
       2.958        2.454       -0.149
       2.981        2.462       -0.133
       2.982        2.455       -0.117
       2.958        2.435       -0.105
       2.904          2.4         -0.1
       2.744          2.4       -0.104
       2.796        2.432       -0.101
        2.84        2.451       -0.093
        2.87        2.458       -0.083
       2.881        2.452       -0.073
       2.869        2.432       -0.066
        2.83          2.4       -0.062
         2.7          2.4  4.30775e-09
       2.749        2.431  4.36339e-09
       2.793         2.45   4.3975e-09
       2.825        2.456  4.40827e-09
       2.841         2.45   4.3975e-09
       2.834        2.431  4.36339e-09
         2.8          2.4  4.30775e-09
           0         3.15  5.65392e-09
       0.279        3.127  5.61264e-09
       0.363        3.067  5.50495e-09
       0.325        2.981  5.35059e-09
       0.237        2.883  5.17469e-09
       0.171        2.785  4.99879e-09
         0.2          2.7  4.84622e-09
           0         3.15  5.65392e-09
       0.269        3.127        0.075
        0.35        3.067        0.098
       0.314        2.981        0.088
       0.229        2.883        0.064
       0.165        2.785        0.046
       0.193          2.7        0.054
           0         3.15  5.65392e-09
       0.241        3.127        0.142
       0.314        3.067        0.185
       0.281        2.981        0.165
       0.205        2.883        0.121
       0.148        2.785        0.087
       0.173          2.7        0.102
           0         3.15  5.65392e-09
       0.198        3.127        0.198
       0.258        3.067        0.258
       0.231        2.981        0.231
       0.168        2.883        0.168
       0.122        2.785        0.122
       0.142          2.7        0.142
           0         3.15  5.65392e-09
       0.142        3.127        0.241
       0.185        3.067        0.314
       0.165        2.981        0.281
       0.121        2.883        0.205
       0.087        2.785        0.148
       0.102          2.7        0.173
           0         3.15  5.65392e-09
       0.075        3.127        0.269
       0.098        3.067         0.35
       0.088        2.981        0.314
       0.064        2.883        0.229
       0.046        2.785        0.165
       0.054          2.7        0.193
           0         3.15  5.65392e-09
           0        3.127        0.279
           0        3.067        0.363
           0        2.981        0.325
           0        2.883        0.237
           0        2.785        0.171
           0          2.7          0.2
           0         3.15  5.65392e-09
           0        3.127        0.279
           0        3.067        0.363
           0        2.981        0.325
           0        2.883        0.237
           0        2.785        0.171
           0          2.7          0.2
           0         3.15  5.65392e-09
      -0.075        3.127        0.269
      -0.098        3.067         0.35
      -0.088        2.981        0.314
      -0.064        2.883        0.229
      -0.046        2.785        0.165
      -0.054          2.7        0.193
           0         3.15  5.65392e-09
      -0.142        3.127        0.241
      -0.185        3.067        0.314
      -0.165        2.981        0.281
      -0.121        2.883        0.205
      -0.087        2.785        0.148
      -0.102          2.7        0.173
           0         3.15  5.65392e-09
      -0.198        3.127        0.198
      -0.258        3.067        0.258
      -0.231        2.981        0.231
      -0.168        2.883        0.168
      -0.122        2.785        0.122
      -0.142          2.7        0.142
           0         3.15  5.65392e-09
      -0.241        3.127        0.142
      -0.314        3.067        0.185
      -0.281        2.981        0.165
      -0.205        2.883        0.121
      -0.148        2.785        0.087
      -0.173          2.7        0.102
           0         3.15  5.65392e-09
      -0.269        3.127        0.075
       -0.35        3.067        0.098
      -0.314        2.981        0.088
      -0.229        2.883        0.064
      -0.165        2.785        0.046
      -0.193          2.7        0.054
           0         3.15  5.65392e-09
      -0.279        3.127  5.61264e-09
      -0.363        3.067  5.50495e-09
      -0.325        2.981  5.35059e-09
      -0.237        2.883  5.17469e-09
      -0.171        2.785  4.99879e-09
        -0.2          2.7  4.84622e-09
           0         3.15  5.65392e-09
      -0.279        3.127  5.61264e-09
      -0.363        3.067  5.50495e-09
      -0.325        2.981  5.35059e-09
      -0.237        2.883  5.17469e-09
      -0.171        2.785  4.99879e-09
        -0.2          2.7  4.84622e-09
           0         3.15  5.65392e-09
      -0.269        3.127       -0.075
       -0.35        3.067       -0.098
      -0.314        2.981       -0.088
      -0.229        2.883       -0.064
      -0.165        2.785       -0.046
      -0.193          2.7       -0.054
           0         3.15  5.65392e-09
      -0.241        3.127       -0.142
      -0.314        3.067       -0.185
      -0.281        2.981       -0.165
      -0.205        2.883       -0.121
      -0.148        2.785       -0.087
      -0.173          2.7       -0.102
           0         3.15  5.65392e-09
      -0.198        3.127       -0.198
      -0.258        3.067       -0.258
      -0.231        2.981       -0.231
      -0.168        2.883       -0.168
      -0.122        2.785       -0.122
      -0.142          2.7       -0.142
           0         3.15  5.65392e-09
      -0.142        3.127       -0.241
      -0.185        3.067       -0.314
      -0.165        2.981       -0.281
      -0.121        2.883       -0.205
      -0.087        2.785       -0.148
      -0.102          2.7       -0.173
           0         3.15  5.65392e-09
      -0.075        3.127       -0.269
      -0.098        3.067        -0.35
      -0.088        2.981       -0.314
      -0.064        2.883       -0.229
      -0.046        2.785       -0.165
      -0.054          2.7       -0.193
           0         3.15  5.65392e-09
           0        3.127       -0.279
           0        3.067       -0.363
           0        2.981       -0.325
           0        2.883       -0.237
           0        2.785       -0.171
           0          2.7         -0.2
           0         3.15  5.65392e-09
           0        3.127       -0.279
           0        3.067       -0.363
           0        2.981       -0.325
           0        2.883       -0.237
           0        2.785       -0.171
           0          2.7         -0.2
           0         3.15  5.65392e-09
       0.075        3.127       -0.269
       0.098        3.067        -0.35
       0.088        2.981       -0.314
       0.064        2.883       -0.229
       0.046        2.785       -0.165
       0.054          2.7       -0.193
           0         3.15  5.65392e-09
       0.142        3.127       -0.241
       0.185        3.067       -0.314
       0.165        2.981       -0.281
       0.121        2.883       -0.205
       0.087        2.785       -0.148
       0.102          2.7       -0.173
           0         3.15  5.65392e-09
       0.198        3.127       -0.198
       0.258        3.067       -0.258
       0.231        2.981       -0.231
       0.168        2.883       -0.168
       0.122        2.785       -0.122
       0.142          2.7       -0.142
           0         3.15  5.65392e-09
       0.241        3.127       -0.142
       0.314        3.067       -0.185
       0.281        2.981       -0.165
       0.205        2.883       -0.121
       0.148        2.785       -0.087
       0.173          2.7       -0.102
           0         3.15  5.65392e-09
       0.269        3.127       -0.075
        0.35        3.067       -0.098
       0.314        2.981       -0.088
       0.229        2.883       -0.064
       0.165        2.785       -0.046
       0.193          2.7       -0.054
           0         3.15  5.65392e-09
       0.279        3.127  5.61264e-09
       0.363        3.067  5.50495e-09
       0.325        2.981  5.35059e-09
       0.237        2.883  5.17469e-09
       0.171        2.785  4.99879e-09
         0.2          2.7  4.84622e-09
         0.2          2.7  4.84622e-09
       0.351        2.636  4.73135e-09
       0.574        2.589  4.64699e-09
       0.825         2.55  4.57699e-09
       1.059        2.511  4.50699e-09
       1.232        2.464  4.42263e-09
         1.3          2.4  4.30775e-09
       0.193          2.7        0.054
       0.339        2.636        0.094
       0.554        2.589        0.154
       0.796         2.55        0.222
       1.022        2.511        0.284
       1.189        2.464        0.331
       1.254          2.4        0.349
       0.173          2.7        0.102
       0.304        2.636        0.178
       0.497        2.589        0.292
       0.714         2.55        0.419
       0.916        2.511        0.538
       1.066        2.464        0.626
       1.125          2.4        0.661
       0.142          2.7        0.142
       0.249        2.636        0.249
       0.408        2.589        0.408
       0.586         2.55        0.586
       0.752        2.511        0.752
       0.875        2.464        0.875
       0.923          2.4        0.923
       0.102          2.7        0.173
       0.178        2.636        0.304
       0.292        2.589        0.497
       0.419         2.55        0.714
       0.538        2.511        0.916
       0.626        2.464        1.066
       0.661          2.4        1.125
       0.054          2.7        0.193
       0.094        2.636        0.339
       0.154        2.589        0.554
       0.222         2.55        0.796
       0.284        2.511        1.022
       0.331        2.464        1.189
       0.349          2.4        1.254
           0          2.7          0.2
           0        2.636        0.351
           0        2.589        0.574
           0         2.55        0.825
           0        2.511        1.059
           0        2.464        1.232
           0          2.4          1.3
           0          2.7          0.2
           0        2.636        0.351
           0        2.589        0.574
           0         2.55        0.825
           0        2.511        1.059
           0        2.464        1.232
           0          2.4          1.3
      -0.054          2.7        0.193
      -0.094        2.636        0.339
      -0.154        2.589        0.554
      -0.222         2.55        0.796
      -0.284        2.511        1.022
      -0.331        2.464        1.189
      -0.349          2.4        1.254
      -0.102          2.7        0.173
      -0.178        2.636        0.304
      -0.292        2.589        0.497
      -0.419         2.55        0.714
      -0.538        2.511        0.916
      -0.626        2.464        1.066
      -0.661          2.4        1.125
      -0.142          2.7        0.142
      -0.249        2.636        0.249
      -0.408        2.589        0.408
      -0.586         2.55        0.586
      -0.752        2.511        0.752
      -0.875        2.464        0.875
      -0.923          2.4        0.923
      -0.173          2.7        0.102
      -0.304        2.636        0.178
      -0.497        2.589        0.292
      -0.714         2.55        0.419
      -0.916        2.511        0.538
      -1.066        2.464        0.626
      -1.125          2.4        0.661
      -0.193          2.7        0.054
      -0.339        2.636        0.094
      -0.554        2.589        0.154
      -0.796         2.55        0.222
      -1.022        2.511        0.284
      -1.189        2.464        0.331
      -1.254          2.4        0.349
        -0.2          2.7  4.84622e-09
      -0.351        2.636  4.73135e-09
      -0.574        2.589  4.64699e-09
      -0.825         2.55  4.57699e-09
      -1.059        2.511  4.50699e-09
      -1.232        2.464  4.42263e-09
        -1.3          2.4  4.30775e-09
        -0.2          2.7  4.84622e-09
      -0.351        2.636  4.73135e-09
      -0.574        2.589  4.64699e-09
      -0.825         2.55  4.57699e-09
      -1.059        2.511  4.50699e-09
      -1.232        2.464  4.42263e-09
        -1.3          2.4  4.30775e-09
      -0.193          2.7       -0.054
      -0.339        2.636       -0.094
      -0.554        2.589       -0.154
      -0.796         2.55       -0.222
      -1.022        2.511       -0.284
      -1.189        2.464       -0.331
      -1.254          2.4       -0.349
      -0.173          2.7       -0.102
      -0.304        2.636       -0.178
      -0.497        2.589       -0.292
      -0.714         2.55       -0.419
      -0.916        2.511       -0.538
      -1.066        2.464       -0.626
      -1.125          2.4       -0.661
      -0.142          2.7       -0.142
      -0.249        2.636       -0.249
      -0.408        2.589       -0.408
      -0.586         2.55       -0.586
      -0.752        2.511       -0.752
      -0.875        2.464       -0.875
      -0.923          2.4       -0.923
      -0.102          2.7       -0.173
      -0.178        2.636       -0.304
      -0.292        2.589       -0.497
      -0.419         2.55       -0.714
      -0.538        2.511       -0.916
      -0.626        2.464       -1.066
      -0.661          2.4       -1.125
      -0.054          2.7       -0.193
      -0.094        2.636       -0.339
      -0.154        2.589       -0.554
      -0.222         2.55       -0.796
      -0.284        2.511       -1.022
      -0.331        2.464       -1.189
      -0.349          2.4       -1.254
           0          2.7         -0.2
           0        2.636       -0.351
           0        2.589       -0.574
           0         2.55       -0.825
           0        2.511       -1.059
           0        2.464       -1.232
           0          2.4         -1.3
           0          2.7         -0.2
           0        2.636       -0.351
           0        2.589       -0.574
           0         2.55       -0.825
           0        2.511       -1.059
           0        2.464       -1.232
           0          2.4         -1.3
       0.054          2.7       -0.193
       0.094        2.636       -0.339
       0.154        2.589       -0.554
       0.222         2.55       -0.796
       0.284        2.511       -1.022
       0.331        2.464       -1.189
       0.349          2.4       -1.254
       0.102          2.7       -0.173
       0.178        2.636       -0.304
       0.292        2.589       -0.497
       0.419         2.55       -0.714
       0.538        2.511       -0.916
       0.626        2.464       -1.066
       0.661          2.4       -1.125
       0.142          2.7       -0.142
       0.249        2.636       -0.249
       0.408        2.589       -0.408
       0.586         2.55       -0.586
       0.752        2.511       -0.752
       0.875        2.464       -0.875
       0.923          2.4       -0.923
       0.173          2.7       -0.102
       0.304        2.636       -0.178
       0.497        2.589       -0.292
       0.714         2.55       -0.419
       0.916        2.511       -0.538
       1.066        2.464       -0.626
       1.125          2.4       -0.661
       0.193          2.7       -0.054
       0.339        2.636       -0.094
       0.554        2.589       -0.154
       0.796         2.55       -0.222
       1.022        2.511       -0.284
       1.189        2.464       -0.331
       1.254          2.4       -0.349
         0.2          2.7  4.84622e-09
       0.351        2.636  4.73135e-09
       0.574        2.589  4.64699e-09
       0.825         2.55  4.57699e-09
       1.059        2.511  4.50699e-09
       1.232        2.464  4.42263e-09
         1.3          2.4  4.30775e-09
           0            0            0
       0.606        0.006  1.07694e-11
       1.022        0.022  3.94877e-11
       1.284        0.047  8.43601e-11
       1.428        0.078  1.40002e-10
       1.488        0.113  2.02823e-10
         1.5         0.15  2.69235e-10
           0            0            0
       0.585        0.006       -0.163
       0.986        0.022       -0.274
       1.239        0.047       -0.345
       1.378        0.078       -0.383
       1.435        0.113         -0.4
       1.447         0.15       -0.403
           0            0            0
       0.524        0.006       -0.308
       0.884        0.022       -0.519
       1.111        0.047       -0.653
       1.235        0.078       -0.726
       1.287        0.113       -0.756
       1.298         0.15       -0.762
           0            0            0
        0.43        0.006        -0.43
       0.726        0.022       -0.726
       0.912        0.047       -0.912
       1.014        0.078       -1.014
       1.056        0.113       -1.056
       1.065         0.15       -1.065
           0            0            0
       0.308        0.006       -0.524
       0.519        0.022       -0.884
       0.653        0.047       -1.111
       0.726        0.078       -1.235
       0.756        0.113       -1.287
       0.762         0.15       -1.298
           0            0            0
       0.163        0.006       -0.585
       0.274        0.022       -0.986
       0.345        0.047       -1.239
       0.383        0.078       -1.378
         0.4        0.113       -1.435
       0.403         0.15       -1.447
           0            0            0
           0        0.006       -0.606
           0        0.022       -1.022
           0        0.047       -1.284
           0        0.078       -1.428
           0        0.113       -1.488
           0         0.15         -1.5
           0            0            0
           0        0.006       -0.606
           0        0.022       -1.022
           0        0.047       -1.284
           0        0.078       -1.428
           0        0.113       -1.488
           0         0.15         -1.5
           0            0            0
      -0.163        0.006       -0.585
      -0.274        0.022       -0.986
      -0.345        0.047       -1.239
      -0.383        0.078       -1.378
        -0.4        0.113       -1.435
      -0.403         0.15       -1.447
           0            0            0
      -0.308        0.006       -0.524
      -0.519        0.022       -0.884
      -0.653        0.047       -1.111
      -0.726        0.078       -1.235
      -0.756        0.113       -1.287
      -0.762         0.15       -1.298
           0            0            0
       -0.43        0.006        -0.43
      -0.726        0.022       -0.726
      -0.912        0.047       -0.912
      -1.014        0.078       -1.014
      -1.056        0.113       -1.056
      -1.065         0.15       -1.065
           0            0            0
      -0.524        0.006       -0.308
      -0.884        0.022       -0.519
      -1.111        0.047       -0.653
      -1.235        0.078       -0.726
      -1.287        0.113       -0.756
      -1.298         0.15       -0.762
           0            0            0
      -0.585        0.006       -0.163
      -0.986        0.022       -0.274
      -1.239        0.047       -0.345
      -1.378        0.078       -0.383
      -1.435        0.113         -0.4
      -1.447         0.15       -0.403
           0            0            0
      -0.606        0.006  1.07694e-11
      -1.022        0.022  3.94877e-11
      -1.284        0.047  8.43601e-11
      -1.428        0.078  1.40002e-10
      -1.488        0.113  2.02823e-10
        -1.5         0.15  2.69235e-10
           0            0            0
      -0.606        0.006  1.07694e-11
      -1.022        0.022  3.94877e-11
      -1.284        0.047  8.43601e-11
      -1.428        0.078  1.40002e-10
      -1.488        0.113  2.02823e-10
        -1.5         0.15  2.69235e-10
           0            0            0
      -0.585        0.006        0.163
      -0.986        0.022        0.274
      -1.239        0.047        0.345
      -1.378        0.078        0.383
      -1.435        0.113          0.4
      -1.447         0.15        0.403
           0            0            0
      -0.524        0.006        0.308
      -0.884        0.022        0.519
      -1.111        0.047        0.653
      -1.235        0.078        0.726
      -1.287        0.113        0.756
      -1.298         0.15        0.762
           0            0            0
       -0.43        0.006         0.43
      -0.726        0.022        0.726
      -0.912        0.047        0.912
      -1.014        0.078        1.014
      -1.056        0.113        1.056
      -1.065         0.15        1.065
           0            0            0
      -0.308        0.006        0.524
      -0.519        0.022        0.884
      -0.653        0.047        1.111
      -0.726        0.078        1.235
      -0.756        0.113        1.287
      -0.762         0.15        1.298
           0            0            0
      -0.163        0.006        0.585
      -0.274        0.022        0.986
      -0.345        0.047        1.239
      -0.383        0.078        1.378
        -0.4        0.113        1.435
      -0.403         0.15        1.447
           0            0            0
           0        0.006        0.606
           0        0.022        1.022
           0        0.047        1.284
           0        0.078        1.428
           0        0.113        1.488
           0         0.15          1.5
           0            0            0
           0        0.006        0.606
           0        0.022        1.022
           0        0.047        1.284
           0        0.078        1.428
           0        0.113        1.488
           0         0.15          1.5
           0            0            0
       0.163        0.006        0.585
       0.274        0.022        0.986
       0.345        0.047        1.239
       0.383        0.078        1.378
         0.4        0.113        1.435
       0.403         0.15        1.447
           0            0            0
       0.308        0.006        0.524
       0.519        0.022        0.884
       0.653        0.047        1.111
       0.726        0.078        1.235
       0.756        0.113        1.287
       0.762         0.15        1.298
           0            0            0
        0.43        0.006         0.43
       0.726        0.022        0.726
       0.912        0.047        0.912
       1.014        0.078        1.014
       1.056        0.113        1.056
       1.065         0.15        1.065
           0            0            0
       0.524        0.006        0.308
       0.884        0.022        0.519
       1.111        0.047        0.653
       1.235        0.078        0.726
       1.287        0.113        0.756
       1.298         0.15        0.762
           0            0            0
       0.585        0.006        0.163
       0.986        0.022        0.274
       1.239        0.047        0.345
       1.378        0.078        0.383
       1.435        0.113          0.4
       1.447         0.15        0.403
           0            0            0
       0.606        0.006  1.07694e-11
       1.022        0.022  3.94877e-11
       1.284        0.047  8.43601e-11
       1.428        0.078  1.40002e-10
       1.488        0.113  2.02823e-10
         1.5         0.15  2.69235e-10
4	     1     2     9     8
4	     2     3    10     9
4	     3     4    11    10
4	     4     5    12    11
4	     5     6    13    12
4	     6     7    14    13
4	     8     9    16    15
4	     9    10    17    16
4	    10    11    18    17
4	    11    12    19    18
4	    12    13    20    19
4	    13    14    21    20
4	    15    16    23    22
4	    16    17    24    23
4	    17    18    25    24
4	    18    19    26    25
4	    19    20    27    26
4	    20    21    28    27
4	    22    23    30    29
4	    23    24    31    30
4	    24    25    32    31
4	    25    26    33    32
4	    26    27    34    33
4	    27    28    35    34
4	    29    30    37    36
4	    30    31    38    37
4	    31    32    39    38
4	    32    33    40    39
4	    33    34    41    40
4	    34    35    42    41
4	    36    37    44    43
4	    37    38    45    44
4	    38    39    46    45
4	    39    40    47    46
4	    40    41    48    47
4	    41    42    49    48
4	    50    51    58    57
4	    51    52    59    58
4	    52    53    60    59
4	    53    54    61    60
4	    54    55    62    61
4	    55    56    63    62
4	    57    58    65    64
4	    58    59    66    65
4	    59    60    67    66
4	    60    61    68    67
4	    61    62    69    68
4	    62    63    70    69
4	    64    65    72    71
4	    65    66    73    72
4	    66    67    74    73
4	    67    68    75    74
4	    68    69    76    75
4	    69    70    77    76
4	    71    72    79    78
4	    72    73    80    79
4	    73    74    81    80
4	    74    75    82    81
4	    75    76    83    82
4	    76    77    84    83
4	    78    79    86    85
4	    79    80    87    86
4	    80    81    88    87
4	    81    82    89    88
4	    82    83    90    89
4	    83    84    91    90
4	    85    86    93    92
4	    86    87    94    93
4	    87    88    95    94
4	    88    89    96    95
4	    89    90    97    96
4	    90    91    98    97
4	    99   100   107   106
4	   100   101   108   107
4	   101   102   109   108
4	   102   103   110   109
4	   103   104   111   110
4	   104   105   112   111
4	   106   107   114   113
4	   107   108   115   114
4	   108   109   116   115
4	   109   110   117   116
4	   110   111   118   117
4	   111   112   119   118
4	   113   114   121   120
4	   114   115   122   121
4	   115   116   123   122
4	   116   117   124   123
4	   117   118   125   124
4	   118   119   126   125
4	   120   121   128   127
4	   121   122   129   128
4	   122   123   130   129
4	   123   124   131   130
4	   124   125   132   131
4	   125   126   133   132
4	   127   128   135   134
4	   128   129   136   135
4	   129   130   137   136
4	   130   131   138   137
4	   131   132   139   138
4	   132   133   140   139
4	   134   135   142   141
4	   135   136   143   142
4	   136   137   144   143
4	   137   138   145   144
4	   138   139   146   145
4	   139   140   147   146
4	   148   149   156   155
4	   149   150   157   156
4	   150   151   158   157
4	   151   152   159   158
4	   152   153   160   159
4	   153   154   161   160
4	   155   156   163   162
4	   156   157   164   163
4	   157   158   165   164
4	   158   159   166   165
4	   159   160   167   166
4	   160   161   168   167
4	   162   163   170   169
4	   163   164   171   170
4	   164   165   172   171
4	   165   166   173   172
4	   166   167   174   173
4	   167   168   175   174
4	   169   170   177   176
4	   170   171   178   177
4	   171   172   179   178
4	   172   173   180   179
4	   173   174   181   180
4	   174   175   182   181
4	   176   177   184   183
4	   177   178   185   184
4	   178   179   186   185
4	   179   180   187   186
4	   180   181   188   187
4	   181   182   189   188
4	   183   184   191   190
4	   184   185   192   191
4	   185   186   193   192
4	   186   187   194   193
4	   187   188   195   194
4	   188   189   196   195
4	   197   198   205   204
4	   198   199   206   205
4	   199   200   207   206
4	   200   201   208   207
4	   201   202   209   208
4	   202   203   210   209
4	   204   205   212   211
4	   205   206   213   212
4	   206   207   214   213
4	   207   208   215   214
4	   208   209   216   215
4	   209   210   217   216
4	   211   212   219   218
4	   212   213   220   219
4	   213   214   221   220
4	   214   215   222   221
4	   215   216   223   222
4	   216   217   224   223
4	   218   219   226   225
4	   219   220   227   226
4	   220   221   228   227
4	   221   222   229   228
4	   222   223   230   229
4	   223   224   231   230
4	   225   226   233   232
4	   226   227   234   233
4	   227   228   235   234
4	   228   229   236   235
4	   229   230   237   236
4	   230   231   238   237
4	   232   233   240   239
4	   233   234   241   240
4	   234   235   242   241
4	   235   236   243   242
4	   236   237   244   243
4	   237   238   245   244
4	   246   247   254   253
4	   247   248   255   254
4	   248   249   256   255
4	   249   250   257   256
4	   250   251   258   257
4	   251   252   259   258
4	   253   254   261   260
4	   254   255   262   261
4	   255   256   263   262
4	   256   257   264   263
4	   257   258   265   264
4	   258   259   266   265
4	   260   261   268   267
4	   261   262   269   268
4	   262   263   270   269
4	   263   264   271   270
4	   264   265   272   271
4	   265   266   273   272
4	   267   268   275   274
4	   268   269   276   275
4	   269   270   277   276
4	   270   271   278   277
4	   271   272   279   278
4	   272   273   280   279
4	   274   275   282   281
4	   275   276   283   282
4	   276   277   284   283
4	   277   278   285   284
4	   278   279   286   285
4	   279   280   287   286
4	   281   282   289   288
4	   282   283   290   289
4	   283   284   291   290
4	   284   285   292   291
4	   285   286   293   292
4	   286   287   294   293
4	   295   296   303   302
4	   296   297   304   303
4	   297   298   305   304
4	   298   299   306   305
4	   299   300   307   306
4	   300   301   308   307
4	   302   303   310   309
4	   303   304   311   310
4	   304   305   312   311
4	   305   306   313   312
4	   306   307   314   313
4	   307   308   315   314
4	   309   310   317   316
4	   310   311   318   317
4	   311   312   319   318
4	   312   313   320   319
4	   313   314   321   320
4	   314   315   322   321
4	   316   317   324   323
4	   317   318   325   324
4	   318   319   326   325
4	   319   320   327   326
4	   320   321   328   327
4	   321   322   329   328
4	   323   324   331   330
4	   324   325   332   331
4	   325   326   333   332
4	   326   327   334   333
4	   327   328   335   334
4	   328   329   336   335
4	   330   331   338   337
4	   331   332   339   338
4	   332   333   340   339
4	   333   334   341   340
4	   334   335   342   341
4	   335   336   343   342
4	   344   345   352   351
4	   345   346   353   352
4	   346   347   354   353
4	   347   348   355   354
4	   348   349   356   355
4	   349   350   357   356
4	   351   352   359   358
4	   352   353   360   359
4	   353   354   361   360
4	   354   355   362   361
4	   355   356   363   362
4	   356   357   364   363
4	   358   359   366   365
4	   359   360   367   366
4	   360   361   368   367
4	   361   362   369   368
4	   362   363   370   369
4	   363   364   371   370
4	   365   366   373   372
4	   366   367   374   373
4	   367   368   375   374
4	   368   369   376   375
4	   369   370   377   376
4	   370   371   378   377
4	   372   373   380   379
4	   373   374   381   380
4	   374   375   382   381
4	   375   376   383   382
4	   376   377   384   383
4	   377   378   385   384
4	   379   380   387   386
4	   380   381   388   387
4	   381   382   389   388
4	   382   383   390   389
4	   383   384   391   390
4	   384   385   392   391
4	   393   394   401   400
4	   394   395   402   401
4	   395   396   403   402
4	   396   397   404   403
4	   397   398   405   404
4	   398   399   406   405
4	   400   401   408   407
4	   401   402   409   408
4	   402   403   410   409
4	   403   404   411   410
4	   404   405   412   411
4	   405   406   413   412
4	   407   408   415   414
4	   408   409   416   415
4	   409   410   417   416
4	   410   411   418   417
4	   411   412   419   418
4	   412   413   420   419
4	   414   415   422   421
4	   415   416   423   422
4	   416   417   424   423
4	   417   418   425   424
4	   418   419   426   425
4	   419   420   427   426
4	   421   422   429   428
4	   422   423   430   429
4	   423   424   431   430
4	   424   425   432   431
4	   425   426   433   432
4	   426   427   434   433
4	   428   429   436   435
4	   429   430   437   436
4	   430   431   438   437
4	   431   432   439   438
4	   432   433   440   439
4	   433   434   441   440
4	   442   443   450   449
4	   443   444   451   450
4	   444   445   452   451
4	   445   446   453   452
4	   446   447   454   453
4	   447   448   455   454
4	   449   450   457   456
4	   450   451   458   457
4	   451   452   459   458
4	   452   453   460   459
4	   453   454   461   460
4	   454   455   462   461
4	   456   457   464   463
4	   457   458   465   464
4	   458   459   466   465
4	   459   460   467   466
4	   460   461   468   467
4	   461   462   469   468
4	   463   464   471   470
4	   464   465   472   471
4	   465   466   473   472
4	   466   467   474   473
4	   467   468   475   474
4	   468   469   476   475
4	   470   471   478   477
4	   471   472   479   478
4	   472   473   480   479
4	   473   474   481   480
4	   474   475   482   481
4	   475   476   483   482
4	   477   478   485   484
4	   478   479   486   485
4	   479   480   487   486
4	   480   481   488   487
4	   481   482   489   488
4	   482   483   490   489
4	   491   492   499   498
4	   492   493   500   499
4	   493   494   501   500
4	   494   495   502   501
4	   495   496   503   502
4	   496   497   504   503
4	   498   499   506   505
4	   499   500   507   506
4	   500   501   508   507
4	   501   502   509   508
4	   502   503   510   509
4	   503   504   511   510
4	   505   506   513   512
4	   506   507   514   513
4	   507   508   515   514
4	   508   509   516   515
4	   509   510   517   516
4	   510   511   518   517
4	   512   513   520   519
4	   513   514   521   520
4	   514   515   522   521
4	   515   516   523   522
4	   516   517   524   523
4	   517   518   525   524
4	   519   520   527   526
4	   520   521   528   527
4	   521   522   529   528
4	   522   523   530   529
4	   523   524   531   530
4	   524   525   532   531
4	   526   527   534   533
4	   527   528   535   534
4	   528   529   536   535
4	   529   530   537   536
4	   530   531   538   537
4	   531   532   539   538
4	   540   541   548   547
4	   541   542   549   548
4	   542   543   550   549
4	   543   544   551   550
4	   544   545   552   551
4	   545   546   553   552
4	   547   548   555   554
4	   548   549   556   555
4	   549   550   557   556
4	   550   551   558   557
4	   551   552   559   558
4	   552   553   560   559
4	   554   555   562   561
4	   555   556   563   562
4	   556   557   564   563
4	   557   558   565   564
4	   558   559   566   565
4	   559   560   567   566
4	   561   562   569   568
4	   562   563   570   569
4	   563   564   571   570
4	   564   565   572   571
4	   565   566   573   572
4	   566   567   574   573
4	   568   569   576   575
4	   569   570   577   576
4	   570   571   578   577
4	   571   572   579   578
4	   572   573   580   579
4	   573   574   581   580
4	   575   576   583   582
4	   576   577   584   583
4	   577   578   585   584
4	   578   579   586   585
4	   579   580   587   586
4	   580   581   588   587
4	   589   590   597   596
4	   590   591   598   597
4	   591   592   599   598
4	   592   593   600   599
4	   593   594   601   600
4	   594   595   602   601
4	   596   597   604   603
4	   597   598   605   604
4	   598   599   606   605
4	   599   600   607   606
4	   600   601   608   607
4	   601   602   609   608
4	   603   604   611   610
4	   604   605   612   611
4	   605   606   613   612
4	   606   607   614   613
4	   607   608   615   614
4	   608   609   616   615
4	   610   611   618   617
4	   611   612   619   618
4	   612   613   620   619
4	   613   614   621   620
4	   614   615   622   621
4	   615   616   623   622
4	   617   618   625   624
4	   618   619   626   625
4	   619   620   627   626
4	   620   621   628   627
4	   621   622   629   628
4	   622   623   630   629
4	   624   625   632   631
4	   625   626   633   632
4	   626   627   634   633
4	   627   628   635   634
4	   628   629   636   635
4	   629   630   637   636
4	   638   639   646   645
4	   639   640   647   646
4	   640   641   648   647
4	   641   642   649   648
4	   642   643   650   649
4	   643   644   651   650
4	   645   646   653   652
4	   646   647   654   653
4	   647   648   655   654
4	   648   649   656   655
4	   649   650   657   656
4	   650   651   658   657
4	   652   653   660   659
4	   653   654   661   660
4	   654   655   662   661
4	   655   656   663   662
4	   656   657   664   663
4	   657   658   665   664
4	   659   660   667   666
4	   660   661   668   667
4	   661   662   669   668
4	   662   663   670   669
4	   663   664   671   670
4	   664   665   672   671
4	   666   667   674   673
4	   667   668   675   674
4	   668   669   676   675
4	   669   670   677   676
4	   670   671   678   677
4	   671   672   679   678
4	   673   674   681   680
4	   674   675   682   681
4	   675   676   683   682
4	   676   677   684   683
4	   677   678   685   684
4	   678   679   686   685
4	   687   688   695   694
4	   688   689   696   695
4	   689   690   697   696
4	   690   691   698   697
4	   691   692   699   698
4	   692   693   700   699
4	   694   695   702   701
4	   695   696   703   702
4	   696   697   704   703
4	   697   698   705   704
4	   698   699   706   705
4	   699   700   707   706
4	   701   702   709   708
4	   702   703   710   709
4	   703   704   711   710
4	   704   705   712   711
4	   705   706   713   712
4	   706   707   714   713
4	   708   709   716   715
4	   709   710   717   716
4	   710   711   718   717
4	   711   712   719   718
4	   712   713   720   719
4	   713   714   721   720
4	   715   716   723   722
4	   716   717   724   723
4	   717   718   725   724
4	   718   719   726   725
4	   719   720   727   726
4	   720   721   728   727
4	   722   723   730   729
4	   723   724   731   730
4	   724   725   732   731
4	   725   726   733   732
4	   726   727   734   733
4	   727   728   735   734
4	   736   737   744   743
4	   737   738   745   744
4	   738   739   746   745
4	   739   740   747   746
4	   740   741   748   747
4	   741   742   749   748
4	   743   744   751   750
4	   744   745   752   751
4	   745   746   753   752
4	   746   747   754   753
4	   747   748   755   754
4	   748   749   756   755
4	   750   751   758   757
4	   751   752   759   758
4	   752   753   760   759
4	   753   754   761   760
4	   754   755   762   761
4	   755   756   763   762
4	   757   758   765   764
4	   758   759   766   765
4	   759   760   767   766
4	   760   761   768   767
4	   761   762   769   768
4	   762   763   770   769
4	   764   765   772   771
4	   765   766   773   772
4	   766   767   774   773
4	   767   768   775   774
4	   768   769   776   775
4	   769   770   777   776
4	   771   772   779   778
4	   772   773   780   779
4	   773   774   781   780
4	   774   775   782   781
4	   775   776   783   782
4	   776   777   784   783
4	   785   786   793   792
4	   786   787   794   793
4	   787   788   795   794
4	   788   789   796   795
4	   789   790   797   796
4	   790   791   798   797
4	   792   793   800   799
4	   793   794   801   800
4	   794   795   802   801
4	   795   796   803   802
4	   796   797   804   803
4	   797   798   805   804
4	   799   800   807   806
4	   800   801   808   807
4	   801   802   809   808
4	   802   803   810   809
4	   803   804   811   810
4	   804   805   812   811
4	   806   807   814   813
4	   807   808   815   814
4	   808   809   816   815
4	   809   810   817   816
4	   810   811   818   817
4	   811   812   819   818
4	   813   814   821   820
4	   814   815   822   821
4	   815   816   823   822
4	   816   817   824   823
4	   817   818   825   824
4	   818   819   826   825
4	   820   821   828   827
4	   821   822   829   828
4	   822   823   830   829
4	   823   824   831   830
4	   824   825   832   831
4	   825   826   833   832
4	   834   835   842   841
4	   835   836   843   842
4	   836   837   844   843
4	   837   838   845   844
4	   838   839   846   845
4	   839   840   847   846
4	   841   842   849   848
4	   842   843   850   849
4	   843   844   851   850
4	   844   845   852   851
4	   845   846   853   852
4	   846   847   854   853
4	   848   849   856   855
4	   849   850   857   856
4	   850   851   858   857
4	   851   852   859   858
4	   852   853   860   859
4	   853   854   861   860
4	   855   856   863   862
4	   856   857   864   863
4	   857   858   865   864
4	   858   859   866   865
4	   859   860   867   866
4	   860   861   868   867
4	   862   863   870   869
4	   863   864   871   870
4	   864   865   872   871
4	   865   866   873   872
4	   866   867   874   873
4	   867   868   875   874
4	   869   870   877   876
4	   870   871   878   877
4	   871   872   879   878
4	   872   873   880   879
4	   873   874   881   880
4	   874   875   882   881
4	   883   884   891   890
4	   884   885   892   891
4	   885   886   893   892
4	   886   887   894   893
4	   887   888   895   894
4	   888   889   896   895
4	   890   891   898   897
4	   891   892   899   898
4	   892   893   900   899
4	   893   894   901   900
4	   894   895   902   901
4	   895   896   903   902
4	   897   898   905   904
4	   898   899   906   905
4	   899   900   907   906
4	   900   901   908   907
4	   901   902   909   908
4	   902   903   910   909
4	   904   905   912   911
4	   905   906   913   912
4	   906   907   914   913
4	   907   908   915   914
4	   908   909   916   915
4	   909   910   917   916
4	   911   912   919   918
4	   912   913   920   919
4	   913   914   921   920
4	   914   915   922   921
4	   915   916   923   922
4	   916   917   924   923
4	   918   919   926   925
4	   919   920   927   926
4	   920   921   928   927
4	   921   922   929   928
4	   922   923   930   929
4	   923   924   931   930
4	   932   933   940   939
4	   933   934   941   940
4	   934   935   942   941
4	   935   936   943   942
4	   936   937   944   943
4	   937   938   945   944
4	   939   940   947   946
4	   940   941   948   947
4	   941   942   949   948
4	   942   943   950   949
4	   943   944   951   950
4	   944   945   952   951
4	   946   947   954   953
4	   947   948   955   954
4	   948   949   956   955
4	   949   950   957   956
4	   950   951   958   957
4	   951   952   959   958
4	   953   954   961   960
4	   954   955   962   961
4	   955   956   963   962
4	   956   957   964   963
4	   957   958   965   964
4	   958   959   966   965
4	   960   961   968   967
4	   961   962   969   968
4	   962   963   970   969
4	   963   964   971   970
4	   964   965   972   971
4	   965   966   973   972
4	   967   968   975   974
4	   968   969   976   975
4	   969   970   977   976
4	   970   971   978   977
4	   971   972   979   978
4	   972   973   980   979
4	   981   982   989   988
4	   982   983   990   989
4	   983   984   991   990
4	   984   985   992   991
4	   985   986   993   992
4	   986   987   994   993
4	   988   989   996   995
4	   989   990   997   996
4	   990   991   998   997
4	   991   992   999   998
4	   992   993  1000   999
4	   993   994  1001  1000
4	   995   996  1003  1002
4	   996   997  1004  1003
4	   997   998  1005  1004
4	   998   999  1006  1005
4	   999  1000  1007  1006
4	  1000  1001  1008  1007
4	  1002  1003  1010  1009
4	  1003  1004  1011  1010
4	  1004  1005  1012  1011
4	  1005  1006  1013  1012
4	  1006  1007  1014  1013
4	  1007  1008  1015  1014
4	  1009  1010  1017  1016
4	  1010  1011  1018  1017
4	  1011  1012  1019  1018
4	  1012  1013  1020  1019
4	  1013  1014  1021  1020
4	  1014  1015  1022  1021
4	  1016  1017  1024  1023
4	  1017  1018  1025  1024
4	  1018  1019  1026  1025
4	  1019  1020  1027  1026
4	  1020  1021  1028  1027
4	  1021  1022  1029  1028
4	  1030  1031  1038  1037
4	  1031  1032  1039  1038
4	  1032  1033  1040  1039
4	  1033  1034  1041  1040
4	  1034  1035  1042  1041
4	  1035  1036  1043  1042
4	  1037  1038  1045  1044
4	  1038  1039  1046  1045
4	  1039  1040  1047  1046
4	  1040  1041  1048  1047
4	  1041  1042  1049  1048
4	  1042  1043  1050  1049
4	  1044  1045  1052  1051
4	  1045  1046  1053  1052
4	  1046  1047  1054  1053
4	  1047  1048  1055  1054
4	  1048  1049  1056  1055
4	  1049  1050  1057  1056
4	  1051  1052  1059  1058
4	  1052  1053  1060  1059
4	  1053  1054  1061  1060
4	  1054  1055  1062  1061
4	  1055  1056  1063  1062
4	  1056  1057  1064  1063
4	  1058  1059  1066  1065
4	  1059  1060  1067  1066
4	  1060  1061  1068  1067
4	  1061  1062  1069  1068
4	  1062  1063  1070  1069
4	  1063  1064  1071  1070
4	  1065  1066  1073  1072
4	  1066  1067  1074  1073
4	  1067  1068  1075  1074
4	  1068  1069  1076  1075
4	  1069  1070  1077  1076
4	  1070  1071  1078  1077
4	  1079  1080  1087  1086
4	  1080  1081  1088  1087
4	  1081  1082  1089  1088
4	  1082  1083  1090  1089
4	  1083  1084  1091  1090
4	  1084  1085  1092  1091
4	  1086  1087  1094  1093
4	  1087  1088  1095  1094
4	  1088  1089  1096  1095
4	  1089  1090  1097  1096
4	  1090  1091  1098  1097
4	  1091  1092  1099  1098
4	  1093  1094  1101  1100
4	  1094  1095  1102  1101
4	  1095  1096  1103  1102
4	  1096  1097  1104  1103
4	  1097  1098  1105  1104
4	  1098  1099  1106  1105
4	  1100  1101  1108  1107
4	  1101  1102  1109  1108
4	  1102  1103  1110  1109
4	  1103  1104  1111  1110
4	  1104  1105  1112  1111
4	  1105  1106  1113  1112
4	  1107  1108  1115  1114
4	  1108  1109  1116  1115
4	  1109  1110  1117  1116
4	  1110  1111  1118  1117
4	  1111  1112  1119  1118
4	  1112  1113  1120  1119
4	  1114  1115  1122  1121
4	  1115  1116  1123  1122
4	  1116  1117  1124  1123
4	  1117  1118  1125  1124
4	  1118  1119  1126  1125
4	  1119  1120  1127  1126
4	  1128  1129  1136  1135
4	  1129  1130  1137  1136
4	  1130  1131  1138  1137
4	  1131  1132  1139  1138
4	  1132  1133  1140  1139
4	  1133  1134  1141  1140
4	  1135  1136  1143  1142
4	  1136  1137  1144  1143
4	  1137  1138  1145  1144
4	  1138  1139  1146  1145
4	  1139  1140  1147  1146
4	  1140  1141  1148  1147
4	  1142  1143  1150  1149
4	  1143  1144  1151  1150
4	  1144  1145  1152  1151
4	  1145  1146  1153  1152
4	  1146  1147  1154  1153
4	  1147  1148  1155  1154
4	  1149  1150  1157  1156
4	  1150  1151  1158  1157
4	  1151  1152  1159  1158
4	  1152  1153  1160  1159
4	  1153  1154  1161  1160
4	  1154  1155  1162  1161
4	  1156  1157  1164  1163
4	  1157  1158  1165  1164
4	  1158  1159  1166  1165
4	  1159  1160  1167  1166
4	  1160  1161  1168  1167
4	  1161  1162  1169  1168
4	  1163  1164  1171  1170
4	  1164  1165  1172  1171
4	  1165  1166  1173  1172
4	  1166  1167  1174  1173
4	  1167  1168  1175  1174
4	  1168  1169  1176  1175
4	  1177  1178  1185  1184
4	  1178  1179  1186  1185
4	  1179  1180  1187  1186
4	  1180  1181  1188  1187
4	  1181  1182  1189  1188
4	  1182  1183  1190  1189
4	  1184  1185  1192  1191
4	  1185  1186  1193  1192
4	  1186  1187  1194  1193
4	  1187  1188  1195  1194
4	  1188  1189  1196  1195
4	  1189  1190  1197  1196
4	  1191  1192  1199  1198
4	  1192  1193  1200  1199
4	  1193  1194  1201  1200
4	  1194  1195  1202  1201
4	  1195  1196  1203  1202
4	  1196  1197  1204  1203
4	  1198  1199  1206  1205
4	  1199  1200  1207  1206
4	  1200  1201  1208  1207
4	  1201  1202  1209  1208
4	  1202  1203  1210  1209
4	  1203  1204  1211  1210
4	  1205  1206  1213  1212
4	  1206  1207  1214  1213
4	  1207  1208  1215  1214
4	  1208  1209  1216  1215
4	  1209  1210  1217  1216
4	  1210  1211  1218  1217
4	  1212  1213  1220  1219
4	  1213  1214  1221  1220
4	  1214  1215  1222  1221
4	  1215  1216  1223  1222
4	  1216  1217  1224  1223
4	  1217  1218  1225  1224
4	  1226  1227  1234  1233
4	  1227  1228  1235  1234
4	  1228  1229  1236  1235
4	  1229  1230  1237  1236
4	  1230  1231  1238  1237
4	  1231  1232  1239  1238
4	  1233  1234  1241  1240
4	  1234  1235  1242  1241
4	  1235  1236  1243  1242
4	  1236  1237  1244  1243
4	  1237  1238  1245  1244
4	  1238  1239  1246  1245
4	  1240  1241  1248  1247
4	  1241  1242  1249  1248
4	  1242  1243  1250  1249
4	  1243  1244  1251  1250
4	  1244  1245  1252  1251
4	  1245  1246  1253  1252
4	  1247  1248  1255  1254
4	  1248  1249  1256  1255
4	  1249  1250  1257  1256
4	  1250  1251  1258  1257
4	  1251  1252  1259  1258
4	  1252  1253  1260  1259
4	  1254  1255  1262  1261
4	  1255  1256  1263  1262
4	  1256  1257  1264  1263
4	  1257  1258  1265  1264
4	  1258  1259  1266  1265
4	  1259  1260  1267  1266
4	  1261  1262  1269  1268
4	  1262  1263  1270  1269
4	  1263  1264  1271  1270
4	  1264  1265  1272  1271
4	  1265  1266  1273  1272
4	  1266  1267  1274  1273
4	  1275  1276  1283  1282
4	  1276  1277  1284  1283
4	  1277  1278  1285  1284
4	  1278  1279  1286  1285
4	  1279  1280  1287  1286
4	  1280  1281  1288  1287
4	  1282  1283  1290  1289
4	  1283  1284  1291  1290
4	  1284  1285  1292  1291
4	  1285  1286  1293  1292
4	  1286  1287  1294  1293
4	  1287  1288  1295  1294
4	  1289  1290  1297  1296
4	  1290  1291  1298  1297
4	  1291  1292  1299  1298
4	  1292  1293  1300  1299
4	  1293  1294  1301  1300
4	  1294  1295  1302  1301
4	  1296  1297  1304  1303
4	  1297  1298  1305  1304
4	  1298  1299  1306  1305
4	  1299  1300  1307  1306
4	  1300  1301  1308  1307
4	  1301  1302  1309  1308
4	  1303  1304  1311  1310
4	  1304  1305  1312  1311
4	  1305  1306  1313  1312
4	  1306  1307  1314  1313
4	  1307  1308  1315  1314
4	  1308  1309  1316  1315
4	  1310  1311  1318  1317
4	  1311  1312  1319  1318
4	  1312  1313  1320  1319
4	  1313  1314  1321  1320
4	  1314  1315  1322  1321
4	  1315  1316  1323  1322
4	  1324  1325  1332  1331
4	  1325  1326  1333  1332
4	  1326  1327  1334  1333
4	  1327  1328  1335  1334
4	  1328  1329  1336  1335
4	  1329  1330  1337  1336
4	  1331  1332  1339  1338
4	  1332  1333  1340  1339
4	  1333  1334  1341  1340
4	  1334  1335  1342  1341
4	  1335  1336  1343  1342
4	  1336  1337  1344  1343
4	  1338  1339  1346  1345
4	  1339  1340  1347  1346
4	  1340  1341  1348  1347
4	  1341  1342  1349  1348
4	  1342  1343  1350  1349
4	  1343  1344  1351  1350
4	  1345  1346  1353  1352
4	  1346  1347  1354  1353
4	  1347  1348  1355  1354
4	  1348  1349  1356  1355
4	  1349  1350  1357  1356
4	  1350  1351  1358  1357
4	  1352  1353  1360  1359
4	  1353  1354  1361  1360
4	  1354  1355  1362  1361
4	  1355  1356  1363  1362
4	  1356  1357  1364  1363
4	  1357  1358  1365  1364
4	  1359  1360  1367  1366
4	  1360  1361  1368  1367
4	  1361  1362  1369  1368
4	  1362  1363  1370  1369
4	  1363  1364  1371  1370
4	  1364  1365  1372  1371
4	  1373  1374  1381  1380
4	  1374  1375  1382  1381
4	  1375  1376  1383  1382
4	  1376  1377  1384  1383
4	  1377  1378  1385  1384
4	  1378  1379  1386  1385
4	  1380  1381  1388  1387
4	  1381  1382  1389  1388
4	  1382  1383  1390  1389
4	  1383  1384  1391  1390
4	  1384  1385  1392  1391
4	  1385  1386  1393  1392
4	  1387  1388  1395  1394
4	  1388  1389  1396  1395
4	  1389  1390  1397  1396
4	  1390  1391  1398  1397
4	  1391  1392  1399  1398
4	  1392  1393  1400  1399
4	  1394  1395  1402  1401
4	  1395  1396  1403  1402
4	  1396  1397  1404  1403
4	  1397  1398  1405  1404
4	  1398  1399  1406  1405
4	  1399  1400  1407  1406
4	  1401  1402  1409  1408
4	  1402  1403  1410  1409
4	  1403  1404  1411  1410
4	  1404  1405  1412  1411
4	  1405  1406  1413  1412
4	  1406  1407  1414  1413
4	  1408  1409  1416  1415
4	  1409  1410  1417  1416
4	  1410  1411  1418  1417
4	  1411  1412  1419  1418
4	  1412  1413  1420  1419
4	  1413  1414  1421  1420
4	  1422  1423  1430  1429
4	  1423  1424  1431  1430
4	  1424  1425  1432  1431
4	  1425  1426  1433  1432
4	  1426  1427  1434  1433
4	  1427  1428  1435  1434
4	  1429  1430  1437  1436
4	  1430  1431  1438  1437
4	  1431  1432  1439  1438
4	  1432  1433  1440  1439
4	  1433  1434  1441  1440
4	  1434  1435  1442  1441
4	  1436  1437  1444  1443
4	  1437  1438  1445  1444
4	  1438  1439  1446  1445
4	  1439  1440  1447  1446
4	  1440  1441  1448  1447
4	  1441  1442  1449  1448
4	  1443  1444  1451  1450
4	  1444  1445  1452  1451
4	  1445  1446  1453  1452
4	  1446  1447  1454  1453
4	  1447  1448  1455  1454
4	  1448  1449  1456  1455
4	  1450  1451  1458  1457
4	  1451  1452  1459  1458
4	  1452  1453  1460  1459
4	  1453  1454  1461  1460
4	  1454  1455  1462  1461
4	  1455  1456  1463  1462
4	  1457  1458  1465  1464
4	  1458  1459  1466  1465
4	  1459  1460  1467  1466
4	  1460  1461  1468  1467
4	  1461  1462  1469  1468
4	  1462  1463  1470  1469
4	  1471  1472  1479  1478
4	  1472  1473  1480  1479
4	  1473  1474  1481  1480
4	  1474  1475  1482  1481
4	  1475  1476  1483  1482
4	  1476  1477  1484  1483
4	  1478  1479  1486  1485
4	  1479  1480  1487  1486
4	  1480  1481  1488  1487
4	  1481  1482  1489  1488
4	  1482  1483  1490  1489
4	  1483  1484  1491  1490
4	  1485  1486  1493  1492
4	  1486  1487  1494  1493
4	  1487  1488  1495  1494
4	  1488  1489  1496  1495
4	  1489  1490  1497  1496
4	  1490  1491  1498  1497
4	  1492  1493  1500  1499
4	  1493  1494  1501  1500
4	  1494  1495  1502  1501
4	  1495  1496  1503  1502
4	  1496  1497  1504  1503
4	  1497  1498  1505  1504
4	  1499  1500  1507  1506
4	  1500  1501  1508  1507
4	  1501  1502  1509  1508
4	  1502  1503  1510  1509
4	  1503  1504  1511  1510
4	  1504  1505  1512  1511
4	  1506  1507  1514  1513
4	  1507  1508  1515  1514
4	  1508  1509  1516  1515
4	  1509  1510  1517  1516
4	  1510  1511  1518  1517
4	  1511  1512  1519  1518
4	  1520  1521  1528  1527
4	  1521  1522  1529  1528
4	  1522  1523  1530  1529
4	  1523  1524  1531  1530
4	  1524  1525  1532  1531
4	  1525  1526  1533  1532
4	  1527  1528  1535  1534
4	  1528  1529  1536  1535
4	  1529  1530  1537  1536
4	  1530  1531  1538  1537
4	  1531  1532  1539  1538
4	  1532  1533  1540  1539
4	  1534  1535  1542  1541
4	  1535  1536  1543  1542
4	  1536  1537  1544  1543
4	  1537  1538  1545  1544
4	  1538  1539  1546  1545
4	  1539  1540  1547  1546
4	  1541  1542  1549  1548
4	  1542  1543  1550  1549
4	  1543  1544  1551  1550
4	  1544  1545  1552  1551
4	  1545  1546  1553  1552
4	  1546  1547  1554  1553
4	  1548  1549  1556  1555
4	  1549  1550  1557  1556
4	  1550  1551  1558  1557
4	  1551  1552  1559  1558
4	  1552  1553  1560  1559
4	  1553  1554  1561  1560
4	  1555  1556  1563  1562
4	  1556  1557  1564  1563
4	  1557  1558  1565  1564
4	  1558  1559  1566  1565
4	  1559  1560  1567  1566
4	  1560  1561  1568  1567

