data 288 128
         1.4          2.4  4.30775e-09
       1.403        2.498  4.48365e-09
         1.5          2.4  4.30775e-09
       0.994          2.4        0.994
       0.996        2.498        0.996
       1.065          2.4        1.065
           0          2.4          1.4
           0        2.498        1.403
           0          2.4          1.5
           0          2.4          1.4
           0        2.498        1.403
           0          2.4          1.5
      -0.994          2.4        0.994
      -0.996        2.498        0.996
      -1.065          2.4        1.065
        -1.4          2.4  4.30775e-09
      -1.403        2.498  4.48365e-09
        -1.5          2.4  4.30775e-09
        -1.4          2.4  4.30775e-09
      -1.403        2.498  4.48365e-09
        -1.5          2.4  4.30775e-09
      -0.994          2.4       -0.994
      -0.996        2.498       -0.996
      -1.065          2.4       -1.065
           0          2.4         -1.4
           0        2.498       -1.403
           0          2.4         -1.5
           0          2.4         -1.4
           0        2.498       -1.403
           0          2.4         -1.5
       0.994          2.4       -0.994
       0.996        2.498       -0.996
       1.065          2.4       -1.065
         1.4          2.4  4.30775e-09
       1.403        2.498  4.48365e-09
         1.5          2.4  4.30775e-09
         1.5          2.4  4.30775e-09
       1.844        1.622  2.91132e-09
           2          0.9  1.61541e-09
       1.065          2.4        1.065
       1.309        1.622        1.309
        1.42          0.9         1.42
           0          2.4          1.5
           0        1.622        1.844
           0          0.9            2
           0          2.4          1.5
           0        1.622        1.844
           0          0.9            2
      -1.065          2.4        1.065
      -1.309        1.622        1.309
       -1.42          0.9         1.42
        -1.5          2.4  4.30775e-09
      -1.844        1.622  2.91132e-09
          -2          0.9  1.61541e-09
        -1.5          2.4  4.30775e-09
      -1.844        1.622  2.91132e-09
          -2          0.9  1.61541e-09
      -1.065          2.4       -1.065
      -1.309        1.622       -1.309
       -1.42          0.9        -1.42
           0          2.4         -1.5
           0        1.622       -1.844
           0          0.9           -2
           0          2.4         -1.5
           0        1.622       -1.844
           0          0.9           -2
       1.065          2.4       -1.065
       1.309        1.622       -1.309
        1.42          0.9        -1.42
         1.5          2.4  4.30775e-09
       1.844        1.622  2.91132e-09
           2          0.9  1.61541e-09
           2          0.9  1.61541e-09
        1.75        0.384   6.8924e-10
         1.5         0.15  2.69235e-10
        1.42          0.9         1.42
       1.242        0.384        1.242
       1.065         0.15        1.065
           0          0.9            2
           0        0.384         1.75
           0         0.15          1.5
           0          0.9            2
           0        0.384         1.75
           0         0.15          1.5
       -1.42          0.9         1.42
      -1.242        0.384        1.242
      -1.065         0.15        1.065
          -2          0.9  1.61541e-09
       -1.75        0.384   6.8924e-10
        -1.5         0.15  2.69235e-10
          -2          0.9  1.61541e-09
       -1.75        0.384   6.8924e-10
        -1.5         0.15  2.69235e-10
       -1.42          0.9        -1.42
      -1.242        0.384       -1.242
      -1.065         0.15       -1.065
           0          0.9           -2
           0        0.384        -1.75
           0         0.15         -1.5
           0          0.9           -2
           0        0.384        -1.75
           0         0.15         -1.5
        1.42          0.9        -1.42
       1.242        0.384       -1.242
       1.065         0.15       -1.065
           2          0.9  1.61541e-09
        1.75        0.384   6.8924e-10
         1.5         0.15  2.69235e-10
        -1.6        2.025  3.63467e-09
      -2.413        1.997  3.58441e-09
        -2.7          1.8  3.23081e-09
       -1.55        2.138        0.225
      -2.519        2.095        0.225
       -2.85          1.8        0.225
        -1.5         2.25  4.03852e-09
      -2.625        2.194    3.938e-09
          -3          1.8  3.23081e-09
        -1.5         2.25  4.03852e-09
      -2.625        2.194    3.938e-09
          -3          1.8  3.23081e-09
       -1.55        2.138       -0.225
      -2.519        2.095       -0.225
       -2.85          1.8       -0.225
        -1.6        2.025  3.63467e-09
      -2.413        1.997  3.58441e-09
        -2.7          1.8  3.23081e-09
        -2.7          1.8  3.23081e-09
      -2.538         1.35  2.42311e-09
          -2          0.9  1.61541e-09
       -2.85          1.8        0.225
      -2.634        1.254        0.225
       -1.95         0.75        0.225
          -3          1.8  3.23081e-09
      -2.731        1.158  2.07849e-09
        -1.9          0.6  1.07694e-09
          -3          1.8  3.23081e-09
      -2.731        1.158  2.07849e-09
        -1.9          0.6  1.07694e-09
       -2.85          1.8       -0.225
      -2.634        1.254       -0.225
       -1.95         0.75       -0.225
        -2.7          1.8  3.23081e-09
      -2.538         1.35  2.42311e-09
          -2          0.9  1.61541e-09
         1.7        1.425  2.55773e-09
       2.388          1.8  3.23081e-09
         2.7          2.4  4.30775e-09
         1.7        1.013        0.495
       2.537        1.622        0.341
           3          2.4        0.188
         1.7          0.6  1.07694e-09
       2.688        1.444  2.59183e-09
         3.3          2.4  4.30775e-09
         1.7          0.6  1.07694e-09
       2.688        1.444  2.59183e-09
         3.3          2.4  4.30775e-09
         1.7        1.013       -0.495
       2.537        1.622       -0.341
           3          2.4       -0.188
         1.7        1.425  2.55773e-09
       2.388          1.8  3.23081e-09
         2.7          2.4  4.30775e-09
         2.7          2.4  4.30775e-09
       2.825        2.456  4.40827e-09
         2.8          2.4  4.30775e-09
           3          2.4        0.188
       3.127        2.467         0.15
           3          2.4        0.113
         3.3          2.4  4.30775e-09
       3.428        2.477  4.44596e-09
         3.2          2.4  4.30775e-09
         3.3          2.4  4.30775e-09
       3.428        2.477  4.44596e-09
         3.2          2.4  4.30775e-09
           3          2.4       -0.188
       3.127        2.467        -0.15
           3          2.4       -0.113
         2.7          2.4  4.30775e-09
       2.825        2.456  4.40827e-09
         2.8          2.4  4.30775e-09
           0         3.15  5.65392e-09
       0.325        2.981  5.35059e-09
         0.2          2.7  4.84622e-09
           0         3.15  5.65392e-09
       0.231        2.981        0.231
       0.142          2.7        0.142
           0         3.15  5.65392e-09
           0        2.981        0.325
           0          2.7          0.2
           0         3.15  5.65392e-09
           0        2.981        0.325
           0          2.7          0.2
           0         3.15  5.65392e-09
      -0.231        2.981        0.231
      -0.142          2.7        0.142
           0         3.15  5.65392e-09
      -0.325        2.981  5.35059e-09
        -0.2          2.7  4.84622e-09
           0         3.15  5.65392e-09
      -0.325        2.981  5.35059e-09
        -0.2          2.7  4.84622e-09
           0         3.15  5.65392e-09
      -0.231        2.981       -0.231
      -0.142          2.7       -0.142
           0         3.15  5.65392e-09
           0        2.981       -0.325
           0          2.7         -0.2
           0         3.15  5.65392e-09
           0        2.981       -0.325
           0          2.7         -0.2
           0         3.15  5.65392e-09
       0.231        2.981       -0.231
       0.142          2.7       -0.142
           0         3.15  5.65392e-09
       0.325        2.981  5.35059e-09
         0.2          2.7  4.84622e-09
         0.2          2.7  4.84622e-09
       0.825         2.55  4.57699e-09
         1.3          2.4  4.30775e-09
       0.142          2.7        0.142
       0.586         2.55        0.586
       0.923          2.4        0.923
           0          2.7          0.2
           0         2.55        0.825
           0          2.4          1.3
           0          2.7          0.2
           0         2.55        0.825
           0          2.4          1.3
      -0.142          2.7        0.142
      -0.586         2.55        0.586
      -0.923          2.4        0.923
        -0.2          2.7  4.84622e-09
      -0.825         2.55  4.57699e-09
        -1.3          2.4  4.30775e-09
        -0.2          2.7  4.84622e-09
      -0.825         2.55  4.57699e-09
        -1.3          2.4  4.30775e-09
      -0.142          2.7       -0.142
      -0.586         2.55       -0.586
      -0.923          2.4       -0.923
           0          2.7         -0.2
           0         2.55       -0.825
           0          2.4         -1.3
           0          2.7         -0.2
           0         2.55       -0.825
           0          2.4         -1.3
       0.142          2.7       -0.142
       0.586         2.55       -0.586
       0.923          2.4       -0.923
         0.2          2.7  4.84622e-09
       0.825         2.55  4.57699e-09
         1.3          2.4  4.30775e-09
           0            0            0
       1.284        0.047  8.43601e-11
         1.5         0.15  2.69235e-10
           0            0            0
       0.912        0.047       -0.912
       1.065         0.15       -1.065
           0            0            0
           0        0.047       -1.284
           0         0.15         -1.5
           0            0            0
           0        0.047       -1.284
           0         0.15         -1.5
           0            0            0
      -0.912        0.047       -0.912
      -1.065         0.15       -1.065
           0            0            0
      -1.284        0.047  8.43601e-11
        -1.5         0.15  2.69235e-10
           0            0            0
      -1.284        0.047  8.43601e-11
        -1.5         0.15  2.69235e-10
           0            0            0
      -0.912        0.047        0.912
      -1.065         0.15        1.065
           0            0            0
           0        0.047        1.284
           0         0.15          1.5
           0            0            0
           0        0.047        1.284
           0         0.15          1.5
           0            0            0
       0.912        0.047        0.912
       1.065         0.15        1.065
           0            0            0
       1.284        0.047  8.43601e-11
         1.5         0.15  2.69235e-10
4	     1     2     5     4
4	     2     3     6     5
4	     4     5     8     7
4	     5     6     9     8
4	    10    11    14    13
4	    11    12    15    14
4	    13    14    17    16
4	    14    15    18    17
4	    19    20    23    22
4	    20    21    24    23
4	    22    23    26    25
4	    23    24    27    26
4	    28    29    32    31
4	    29    30    33    32
4	    31    32    35    34
4	    32    33    36    35
4	    37    38    41    40
4	    38    39    42    41
4	    40    41    44    43
4	    41    42    45    44
4	    46    47    50    49
4	    47    48    51    50
4	    49    50    53    52
4	    50    51    54    53
4	    55    56    59    58
4	    56    57    60    59
4	    58    59    62    61
4	    59    60    63    62
4	    64    65    68    67
4	    65    66    69    68
4	    67    68    71    70
4	    68    69    72    71
4	    73    74    77    76
4	    74    75    78    77
4	    76    77    80    79
4	    77    78    81    80
4	    82    83    86    85
4	    83    84    87    86
4	    85    86    89    88
4	    86    87    90    89
4	    91    92    95    94
4	    92    93    96    95
4	    94    95    98    97
4	    95    96    99    98
4	   100   101   104   103
4	   101   102   105   104
4	   103   104   107   106
4	   104   105   108   107
4	   109   110   113   112
4	   110   111   114   113
4	   112   113   116   115
4	   113   114   117   116
4	   118   119   122   121
4	   119   120   123   122
4	   121   122   125   124
4	   122   123   126   125
4	   127   128   131   130
4	   128   129   132   131
4	   130   131   134   133
4	   131   132   135   134
4	   136   137   140   139
4	   137   138   141   140
4	   139   140   143   142
4	   140   141   144   143
4	   145   146   149   148
4	   146   147   150   149
4	   148   149   152   151
4	   149   150   153   152
4	   154   155   158   157
4	   155   156   159   158
4	   157   158   161   160
4	   158   159   162   161
4	   163   164   167   166
4	   164   165   168   167
4	   166   167   170   169
4	   167   168   171   170
4	   172   173   176   175
4	   173   174   177   176
4	   175   176   179   178
4	   176   177   180   179
4	   181   182   185   184
4	   182   183   186   185
4	   184   185   188   187
4	   185   186   189   188
4	   190   191   194   193
4	   191   192   195   194
4	   193   194   197   196
4	   194   195   198   197
4	   199   200   203   202
4	   200   201   204   203
4	   202   203   206   205
4	   203   204   207   206
4	   208   209   212   211
4	   209   210   213   212
4	   211   212   215   214
4	   212   213   216   215
4	   217   218   221   220
4	   218   219   222   221
4	   220   221   224   223
4	   221   222   225   224
4	   226   227   230   229
4	   227   228   231   230
4	   229   230   233   232
4	   230   231   234   233
4	   235   236   239   238
4	   236   237   240   239
4	   238   239   242   241
4	   239   240   243   242
4	   244   245   248   247
4	   245   246   249   248
4	   247   248   251   250
4	   248   249   252   251
4	   253   254   257   256
4	   254   255   258   257
4	   256   257   260   259
4	   257   258   261   260
4	   262   263   266   265
4	   263   264   267   266
4	   265   266   269   268
4	   266   267   270   269
4	   271   272   275   274
4	   272   273   276   275
4	   274   275   278   277
4	   275   276   279   278
4	   280   281   284   283
4	   281   282   285   284
4	   283   284   287   286
4	   284   285   288   287

