data	1026	1920
0	0	3.70441
0.09151	0	3.69747
0.1797	0	3.67715
0.26325	0	3.64421
0.34083	0	3.59941
0.41114	0	3.54353
0.47283	0	3.47731
0.5246	0	3.40153
0.56434	0	3.31881
0.59084	0	3.23227
0.60409	0	3.14345
0.60409	0	3.05386
0.59084	0	2.96504
0.56434	0	2.8785
0.5246	0	2.79578
0.47795	0	2.72303
0.4308	0	2.66388
0.38323	0	2.61608
0.33532	0	2.57735
0.28716	0	2.54542
0.23882	0	2.51802
0.19041	0	2.4929
0.19041	0	2.4929
0.44882	0	1.59718
0.60828	0	1.13271
0.7559	0	0.82136
0.89406	0	0.63251
1.02511	0	0.57231
1.22941	0	0.5403
1.27538	0	0.4947
1.27538	0	0.4947
1.27538	0	0
1.27538	0	0
0	0	0
0.08975	0.01785	3.69747
0.17625	0.03506	3.67715
0.25819	0.05136	3.64421
0.33429	0.06649	3.59941
0.40324	0.08021	3.54353
0.46375	0.09225	3.47731
0.51452	0.10234	3.40153
0.5535	0.1101	3.31881
0.57949	0.11527	3.23227
0.59248	0.11785	3.14345
0.59248	0.11785	3.05386
0.57949	0.11527	2.96504
0.5535	0.1101	2.8785
0.51452	0.10234	2.79578
0.46877	0.09324	2.72303
0.42252	0.08405	2.66388
0.37586	0.07476	2.61608
0.32887	0.06542	2.57735
0.28164	0.05602	2.54542
0.23424	0.04659	2.51802
0.18675	0.03715	2.4929
0.18675	0.03715	2.4929
0.44019	0.08756	1.59718
0.59659	0.11867	1.13271
0.74138	0.14747	0.82136
0.87688	0.17442	0.63251
1.00541	0.19999	0.57231
1.20579	0.23985	0.5403
1.25088	0.24882	0.4947
1.25088	0.24882	0.4947
1.25088	0.24882	0
1.25088	0.24882	0
0.08455	0.03502	3.69747
0.16602	0.06877	3.67715
0.24321	0.10074	3.64421
0.31489	0.13043	3.59941
0.37984	0.15734	3.54353
0.43684	0.18095	3.47731
0.48467	0.20076	3.40153
0.52139	0.21597	3.31881
0.54586	0.2261	3.23227
0.5581	0.23117	3.14345
0.5581	0.23117	3.05386
0.54586	0.2261	2.96504
0.52139	0.21597	2.8785
0.48467	0.20076	2.79578
0.44157	0.18291	2.72303
0.39801	0.16486	2.66388
0.35406	0.14666	2.61608
0.30979	0.12832	2.57735
0.2653	0.10989	2.54542
0.22065	0.09139	2.51802
0.17592	0.07287	2.4929
0.17592	0.07287	2.4929
0.41465	0.17176	1.59718
0.56197	0.23278	1.13271
0.69836	0.28927	0.82136
0.826	0.34214	0.63251
0.94708	0.39229	0.57231
1.13583	0.47048	0.5403
1.1783	0.48807	0.4947
1.1783	0.48807	0.4947
1.1783	0.48807	0
1.1783	0.48807	0
0.07609	0.05084	3.69747
0.14942	0.09984	3.67715
0.21888	0.14626	3.64421
0.28339	0.18936	3.59941
0.34185	0.22842	3.54353
0.39314	0.26269	3.47731
0.43619	0.29145	3.40153
0.46923	0.31353	3.31881
0.49126	0.32825	3.23227
0.50228	0.33561	3.14345
0.50228	0.33561	3.05386
0.49127	0.32825	2.96504
0.46923	0.31353	2.8785
0.43619	0.29145	2.79578
0.3974	0.26554	2.72303
0.3582	0.23934	2.66388
0.31864	0.21291	2.61608
0.27881	0.18629	2.57735
0.23876	0.15954	2.54542
0.19858	0.13268	2.51802
0.15832	0.10579	2.4929
0.15832	0.10579	2.4929
0.37318	0.24935	1.59718
0.50576	0.33794	1.13271
0.62851	0.41996	0.82136
0.74338	0.49671	0.63251
0.85235	0.56952	0.57231
1.02222	0.68302	0.5403
1.06044	0.70857	0.4947
1.06044	0.70857	0.4947
1.06044	0.70857	0
1.06044	0.70857	0
0.06471	0.06471	3.69747
0.12707	0.12707	3.67715
0.18615	0.18615	3.64421
0.24101	0.24101	3.59941
0.29072	0.29072	3.54353
0.33434	0.33434	3.47731
0.37095	0.37095	3.40153
0.39905	0.39905	3.31881
0.41779	0.41779	3.23227
0.42715	0.42715	3.14345
0.42715	0.42715	3.05386
0.41779	0.41779	2.96504
0.39905	0.39905	2.8785
0.37095	0.37095	2.79578
0.33796	0.33796	2.72303
0.30462	0.30462	2.66388
0.27098	0.27098	2.61608
0.23711	0.23711	2.57735
0.20305	0.20305	2.54542
0.16887	0.16888	2.51802
0.13464	0.13464	2.4929
0.13464	0.13464	2.4929
0.31736	0.31736	1.59718
0.43012	0.43012	1.13271
0.5345	0.5345	0.82136
0.63219	0.63219	0.63251
0.72486	0.72486	0.57231
0.86932	0.86933	0.5403
0.90183	0.90183	0.4947
0.90183	0.90183	0.4947
0.90183	0.90183	0
0.90183	0.90183	0
0.05084	0.07609	3.69747
0.09984	0.14942	3.67715
0.14625	0.21889	3.64421
0.18936	0.2834	3.59941
0.22841	0.34185	3.54353
0.26269	0.39315	3.47731
0.29145	0.43619	3.40153
0.31353	0.46924	3.31881
0.32825	0.49127	3.23227
0.33561	0.50228	3.14345
0.33561	0.50228	3.05386
0.32825	0.49127	2.96504
0.31353	0.46924	2.8785
0.29145	0.43619	2.79578
0.26554	0.3974	2.72303
0.23934	0.3582	2.66388
0.21291	0.31864	2.61608
0.18629	0.27881	2.57735
0.15953	0.23876	2.54542
0.13268	0.19858	2.51802
0.10579	0.15832	2.4929
0.10579	0.15832	2.4929
0.24935	0.37318	1.59718
0.33794	0.50576	1.13271
0.41996	0.62851	0.82136
0.49671	0.74338	0.63251
0.56952	0.85235	0.57231
0.68302	1.02222	0.5403
0.70856	1.06044	0.4947
0.70856	1.06044	0.4947
0.70856	1.06044	0
0.70856	1.06044	0
0.03502	0.08455	3.69747
0.06877	0.16602	3.67715
0.10074	0.24321	3.64421
0.13043	0.31489	3.59941
0.15733	0.37984	3.54353
0.18094	0.43684	3.47731
0.20076	0.48467	3.40153
0.21596	0.52139	3.31881
0.2261	0.54587	3.23227
0.23117	0.5581	3.14345
0.23117	0.5581	3.05386
0.2261	0.54587	2.96504
0.21596	0.52139	2.8785
0.20076	0.48467	2.79578
0.1829	0.44157	2.72303
0.16486	0.39801	2.66388
0.14665	0.35406	2.61608
0.12832	0.30979	2.57735
0.10989	0.2653	2.54542
0.09139	0.22065	2.51802
0.07287	0.17592	2.4929
0.07287	0.17592	2.4929
0.17175	0.41465	1.59718
0.23278	0.56198	1.13271
0.28927	0.69836	0.82136
0.34214	0.826	0.63251
0.39229	0.94708	0.57231
0.47047	1.13583	0.5403
0.48807	1.1783	0.4947
0.48807	1.1783	0.4947
0.48807	1.1783	0
0.48807	1.1783	0
0.01785	0.08975	3.69747
0.03506	0.17625	3.67715
0.05136	0.25819	3.64421
0.06649	0.33429	3.59941
0.08021	0.40324	3.54353
0.09224	0.46375	3.47731
0.10234	0.51452	3.40153
0.1101	0.5535	3.31881
0.11527	0.57949	3.23227
0.11785	0.59248	3.14345
0.11785	0.59248	3.05386
0.11527	0.57949	2.96504
0.1101	0.5535	2.8785
0.10234	0.51452	2.79578
0.09324	0.46877	2.72303
0.08404	0.42252	2.66388
0.07476	0.37587	2.61608
0.06542	0.32888	2.57735
0.05602	0.28164	2.54542
0.04659	0.23424	2.51802
0.03715	0.18675	2.4929
0.03715	0.18675	2.4929
0.08756	0.44019	1.59718
0.11867	0.59659	1.13271
0.14747	0.74138	0.82136
0.17442	0.87688	0.63251
0.19999	1.00541	0.57231
0.23985	1.20579	0.5403
0.24881	1.25088	0.4947
0.24881	1.25088	0.4947
0.24881	1.25088	0
0.24881	1.25088	0
0	0.09151	3.69747
0	0.1797	3.67715
0	0.26325	3.64421
0	0.34084	3.59941
0	0.41114	3.54353
0	0.47283	3.47731
0	0.5246	3.40153
0	0.56434	3.31881
0	0.59084	3.23227
0	0.60409	3.14345
0	0.60409	3.05386
0	0.59084	2.96504
0	0.56434	2.8785
0	0.5246	2.79578
0	0.47795	2.72303
0	0.4308	2.66388
0	0.38323	2.61608
0	0.33532	2.57735
0	0.28716	2.54542
0	0.23883	2.51802
0	0.19041	2.4929
0	0.19041	2.4929
0	0.44882	1.59718
0	0.60828	1.13271
0	0.7559	0.82136
0	0.89406	0.63251
0	1.02511	0.57231
0	1.22941	0.5403
0	1.27538	0.4947
0	1.27538	0.4947
0	1.27538	0
0	1.27538	0
-0.01785	0.08976	3.69747
-0.03506	0.17625	3.67715
-0.05136	0.25819	3.64421
-0.06649	0.33429	3.59941
-0.08021	0.40324	3.54353
-0.09225	0.46375	3.47731
-0.10235	0.51452	3.40153
-0.1101	0.5535	3.31881
-0.11527	0.57949	3.23227
-0.11785	0.59248	3.14345
-0.11785	0.59248	3.05386
-0.11527	0.57949	2.96504
-0.1101	0.5535	2.8785
-0.10235	0.51452	2.79578
-0.09324	0.46877	2.72303
-0.08405	0.42252	2.66388
-0.07476	0.37587	2.61608
-0.06542	0.32888	2.57735
-0.05602	0.28164	2.54542
-0.04659	0.23424	2.51802
-0.03715	0.18675	2.4929
-0.03715	0.18675	2.4929
-0.08756	0.44019	1.59718
-0.11867	0.59659	1.13271
-0.14747	0.74138	0.82136
-0.17442	0.87688	0.63251
-0.19999	1.00541	0.57231
-0.23985	1.20579	0.5403
-0.24882	1.25088	0.4947
-0.24882	1.25088	0.4947
-0.24882	1.25088	0
-0.24882	1.25088	0
-0.03502	0.08455	3.69747
-0.06877	0.16603	3.67715
-0.10074	0.24321	3.64421
-0.13043	0.31489	3.59941
-0.15734	0.37984	3.54353
-0.18095	0.43684	3.47731
-0.20076	0.48467	3.40153
-0.21597	0.52139	3.31881
-0.22611	0.54587	3.23227
-0.23118	0.5581	3.14345
-0.23118	0.5581	3.05386
-0.22611	0.54587	2.96504
-0.21597	0.52139	2.8785
-0.20076	0.48467	2.79578
-0.18291	0.44157	2.72303
-0.16486	0.39801	2.66388
-0.14666	0.35406	2.61608
-0.12832	0.30979	2.57735
-0.10989	0.2653	2.54542
-0.0914	0.22065	2.51802
-0.07287	0.17592	2.4929
-0.07287	0.17592	2.4929
-0.17176	0.41465	1.59718
-0.23278	0.56198	1.13271
-0.28927	0.69836	0.82136
-0.34214	0.826	0.63251
-0.39229	0.94708	0.57231
-0.47048	1.13583	0.5403
-0.48807	1.1783	0.4947
-0.48807	1.1783	0.4947
-0.48807	1.1783	0
-0.48807	1.1783	0
-0.05084	0.07609	3.69747
-0.09984	0.14942	3.67715
-0.14626	0.21889	3.64421
-0.18936	0.2834	3.59941
-0.22842	0.34185	3.54353
-0.26269	0.39315	3.47731
-0.29145	0.43619	3.40153
-0.31353	0.46924	3.31881
-0.32825	0.49127	3.23227
-0.33561	0.50228	3.14345
-0.33561	0.50228	3.05386
-0.32825	0.49127	2.96504
-0.31353	0.46924	2.8785
-0.29145	0.43619	2.79578
-0.26554	0.3974	2.72303
-0.23934	0.3582	2.66388
-0.21291	0.31864	2.61608
-0.18629	0.27881	2.57735
-0.15954	0.23876	2.54542
-0.13269	0.19858	2.51802
-0.10579	0.15832	2.4929
-0.10579	0.15832	2.4929
-0.24935	0.37318	1.59718
-0.33794	0.50576	1.13271
-0.41996	0.62851	0.82136
-0.49671	0.74338	0.63251
-0.56952	0.85235	0.57231
-0.68303	1.02222	0.5403
-0.70857	1.06044	0.4947
-0.70857	1.06044	0.4947
-0.70857	1.06044	0
-0.70857	1.06044	0
-0.06471	0.06471	3.69747
-0.12707	0.12707	3.67715
-0.18615	0.18615	3.64421
-0.24101	0.24101	3.59941
-0.29072	0.29072	3.54353
-0.33434	0.33434	3.47731
-0.37095	0.37095	3.40153
-0.39905	0.39905	3.31881
-0.41779	0.41779	3.23227
-0.42716	0.42715	3.14345
-0.42716	0.42715	3.05386
-0.41779	0.41779	2.96504
-0.39905	0.39905	2.8785
-0.37095	0.37095	2.79578
-0.33797	0.33797	2.72303
-0.30462	0.30462	2.66388
-0.27098	0.27098	2.61608
-0.23711	0.23711	2.57735
-0.20305	0.20305	2.54542
-0.16888	0.16888	2.51802
-0.13464	0.13464	2.4929
-0.13464	0.13464	2.4929
-0.31736	0.31736	1.59718
-0.43012	0.43012	1.13271
-0.5345	0.5345	0.82136
-0.63219	0.63219	0.63251
-0.72486	0.72486	0.57231
-0.86933	0.86933	0.5403
-0.90183	0.90183	0.4947
-0.90183	0.90183	0.4947
-0.90183	0.90183	0
-0.90183	0.90183	0
-0.07609	0.05084	3.69747
-0.14942	0.09984	3.67715
-0.21889	0.14626	3.64421
-0.2834	0.18936	3.59941
-0.34185	0.22842	3.54353
-0.39315	0.26269	3.47731
-0.43619	0.29145	3.40153
-0.46924	0.31353	3.31881
-0.49127	0.32825	3.23227
-0.50228	0.33561	3.14345
-0.50228	0.33561	3.05386
-0.49127	0.32825	2.96504
-0.46924	0.31353	2.8785
-0.43619	0.29145	2.79578
-0.39741	0.26554	2.72303
-0.3582	0.23934	2.66388
-0.31864	0.21291	2.61608
-0.27881	0.18629	2.57735
-0.23876	0.15954	2.54542
-0.19858	0.13268	2.51802
-0.15832	0.10579	2.4929
-0.15832	0.10579	2.4929
-0.37318	0.24935	1.59718
-0.50576	0.33794	1.13271
-0.62851	0.41996	0.82136
-0.74338	0.49671	0.63251
-0.85235	0.56952	0.57231
-1.02222	0.68302	0.5403
-1.06044	0.70856	0.4947
-1.06044	0.70856	0.4947
-1.06044	0.70856	0
-1.06044	0.70856	0
-0.08455	0.03502	3.69747
-0.16602	0.06877	3.67715
-0.24321	0.10074	3.64421
-0.31489	0.13043	3.59941
-0.37984	0.15734	3.54353
-0.43684	0.18095	3.47731
-0.48467	0.20076	3.40153
-0.52139	0.21597	3.31881
-0.54587	0.22611	3.23227
-0.5581	0.23117	3.14345
-0.5581	0.23117	3.05386
-0.54587	0.22611	2.96504
-0.52139	0.21597	2.8785
-0.48467	0.20076	2.79578
-0.44157	0.18291	2.72303
-0.39801	0.16486	2.66388
-0.35406	0.14666	2.61608
-0.30979	0.12832	2.57735
-0.2653	0.10989	2.54542
-0.22065	0.09139	2.51802
-0.17592	0.07287	2.4929
-0.17592	0.07287	2.4929
-0.41465	0.17175	1.59718
-0.56198	0.23278	1.13271
-0.69836	0.28927	0.82136
-0.826	0.34214	0.63251
-0.94708	0.39229	0.57231
-1.13583	0.47048	0.5403
-1.1783	0.48807	0.4947
-1.1783	0.48807	0.4947
-1.1783	0.48807	0
-1.1783	0.48807	0
-0.08976	0.01785	3.69747
-0.17625	0.03506	3.67715
-0.25819	0.05136	3.64421
-0.33429	0.06649	3.59941
-0.40324	0.08021	3.54353
-0.46375	0.09225	3.47731
-0.51452	0.10235	3.40153
-0.5535	0.1101	3.31881
-0.57949	0.11527	3.23227
-0.59248	0.11785	3.14345
-0.59248	0.11785	3.05386
-0.57949	0.11527	2.96504
-0.5535	0.1101	2.8785
-0.51452	0.10235	2.79578
-0.46877	0.09324	2.72303
-0.42252	0.08405	2.66388
-0.37587	0.07476	2.61608
-0.32888	0.06542	2.57735
-0.28164	0.05602	2.54542
-0.23424	0.04659	2.51802
-0.18675	0.03715	2.4929
-0.18675	0.03715	2.4929
-0.44019	0.08756	1.59718
-0.59659	0.11867	1.13271
-0.74138	0.14747	0.82136
-0.87688	0.17442	0.63251
-1.00541	0.19999	0.57231
-1.20579	0.23985	0.5403
-1.25088	0.24881	0.4947
-1.25088	0.24881	0.4947
-1.25088	0.24881	0
-1.25088	0.24881	0
-0.09151	0	3.69747
-0.1797	0	3.67715
-0.26325	0	3.64421
-0.34084	0	3.59941
-0.41114	0	3.54353
-0.47283	0	3.47731
-0.5246	0	3.40153
-0.56435	0	3.31881
-0.59084	0	3.23227
-0.60409	0	3.14345
-0.60409	0	3.05386
-0.59084	0	2.96504
-0.56435	0	2.8785
-0.5246	0	2.79578
-0.47795	0	2.72303
-0.4308	0	2.66388
-0.38323	0	2.61608
-0.33532	0	2.57735
-0.28716	0	2.54542
-0.23883	0	2.51802
-0.19041	0	2.4929
-0.19041	0	2.4929
-0.44882	0	1.59718
-0.60828	0	1.13271
-0.7559	0	0.82136
-0.89406	0	0.63251
-1.02511	0	0.57231
-1.22941	0	0.5403
-1.27538	0	0.4947
-1.27538	0	0.4947
-1.27538	0	0
-1.27538	0	0
-0.08976	-0.01785	3.69747
-0.17625	-0.03506	3.67715
-0.25819	-0.05136	3.64421
-0.33429	-0.06649	3.59941
-0.40324	-0.08021	3.54353
-0.46375	-0.09224	3.47731
-0.51452	-0.10234	3.40153
-0.5535	-0.1101	3.31881
-0.57949	-0.11527	3.23227
-0.59248	-0.11785	3.14345
-0.59248	-0.11785	3.05386
-0.57949	-0.11527	2.96504
-0.5535	-0.1101	2.8785
-0.51452	-0.10234	2.79578
-0.46877	-0.09324	2.72303
-0.42252	-0.08404	2.66388
-0.37587	-0.07476	2.61608
-0.32888	-0.06542	2.57735
-0.28164	-0.05602	2.54542
-0.23424	-0.04659	2.51802
-0.18675	-0.03715	2.4929
-0.18675	-0.03715	2.4929
-0.44019	-0.08756	1.59718
-0.59659	-0.11867	1.13271
-0.74138	-0.14747	0.82136
-0.87688	-0.17442	0.63251
-1.00541	-0.19999	0.57231
-1.20579	-0.23985	0.5403
-1.25088	-0.24882	0.4947
-1.25088	-0.24882	0.4947
-1.25088	-0.24882	0
-1.25088	-0.24882	0
-0.08455	-0.03502	3.69747
-0.16603	-0.06877	3.67715
-0.24321	-0.10074	3.64421
-0.31489	-0.13043	3.59941
-0.37984	-0.15733	3.54353
-0.43684	-0.18094	3.47731
-0.48467	-0.20076	3.40153
-0.52139	-0.21596	3.31881
-0.54587	-0.2261	3.23227
-0.5581	-0.23117	3.14345
-0.5581	-0.23117	3.05386
-0.54587	-0.2261	2.96504
-0.52139	-0.21596	2.8785
-0.48467	-0.20076	2.79578
-0.44157	-0.1829	2.72303
-0.39801	-0.16486	2.66388
-0.35406	-0.14665	2.61608
-0.30979	-0.12832	2.57735
-0.2653	-0.10989	2.54542
-0.22065	-0.09139	2.51802
-0.17592	-0.07287	2.4929
-0.17592	-0.07287	2.4929
-0.41465	-0.17175	1.59718
-0.56198	-0.23278	1.13271
-0.69836	-0.28927	0.82136
-0.826	-0.34214	0.63251
-0.94708	-0.39229	0.57231
-1.13583	-0.47048	0.5403
-1.1783	-0.48807	0.4947
-1.1783	-0.48807	0.4947
-1.1783	-0.48807	0
-1.1783	-0.48807	0
-0.07609	-0.05084	3.69747
-0.14942	-0.09984	3.67715
-0.21889	-0.14625	3.64421
-0.2834	-0.18936	3.59941
-0.34185	-0.22841	3.54353
-0.39315	-0.26269	3.47731
-0.43619	-0.29145	3.40153
-0.46924	-0.31353	3.31881
-0.49127	-0.32825	3.23227
-0.50228	-0.33561	3.14345
-0.50228	-0.33561	3.05386
-0.49127	-0.32825	2.96504
-0.46924	-0.31353	2.8785
-0.43619	-0.29145	2.79578
-0.39741	-0.26554	2.72303
-0.3582	-0.23934	2.66388
-0.31864	-0.21291	2.61608
-0.27881	-0.18629	2.57735
-0.23876	-0.15954	2.54542
-0.19858	-0.13268	2.51802
-0.15832	-0.10579	2.4929
-0.15832	-0.10579	2.4929
-0.37318	-0.24935	1.59718
-0.50576	-0.33794	1.13271
-0.62851	-0.41996	0.82136
-0.74338	-0.49671	0.63251
-0.85235	-0.56952	0.57231
-1.02222	-0.68302	0.5403
-1.06044	-0.70857	0.4947
-1.06044	-0.70857	0.4947
-1.06044	-0.70857	0
-1.06044	-0.70857	0
-0.06471	-0.06471	3.69747
-0.12707	-0.12707	3.67715
-0.18615	-0.18615	3.64421
-0.24101	-0.24101	3.59941
-0.29072	-0.29072	3.54353
-0.33434	-0.33434	3.47731
-0.37095	-0.37095	3.40153
-0.39905	-0.39905	3.31881
-0.41779	-0.41779	3.23227
-0.42716	-0.42715	3.14345
-0.42716	-0.42715	3.05386
-0.41779	-0.41779	2.96504
-0.39905	-0.39905	2.8785
-0.37095	-0.37095	2.79578
-0.33797	-0.33796	2.72303
-0.30462	-0.30462	2.66388
-0.27098	-0.27098	2.61608
-0.23711	-0.23711	2.57735
-0.20305	-0.20305	2.54542
-0.16888	-0.16887	2.51802
-0.13464	-0.13464	2.4929
-0.13464	-0.13464	2.4929
-0.31736	-0.31736	1.59718
-0.43012	-0.43012	1.13271
-0.5345	-0.5345	0.82136
-0.63219	-0.63219	0.63251
-0.72486	-0.72486	0.57231
-0.86933	-0.86933	0.5403
-0.90183	-0.90183	0.4947
-0.90183	-0.90183	0.4947
-0.90183	-0.90183	0
-0.90183	-0.90183	0
-0.05084	-0.07609	3.69747
-0.09984	-0.14942	3.67715
-0.14626	-0.21889	3.64421
-0.18936	-0.28339	3.59941
-0.22842	-0.34185	3.54353
-0.26269	-0.39314	3.47731
-0.29145	-0.43619	3.40153
-0.31353	-0.46923	3.31881
-0.32825	-0.49127	3.23227
-0.33561	-0.50228	3.14345
-0.33561	-0.50228	3.05386
-0.32825	-0.49127	2.96504
-0.31353	-0.46924	2.8785
-0.29145	-0.43619	2.79578
-0.26554	-0.3974	2.72303
-0.23934	-0.3582	2.66388
-0.21291	-0.31864	2.61608
-0.18629	-0.27881	2.57735
-0.15954	-0.23876	2.54542
-0.13269	-0.19858	2.51802
-0.10579	-0.15832	2.4929
-0.10579	-0.15832	2.4929
-0.24935	-0.37318	1.59718
-0.33794	-0.50576	1.13271
-0.41996	-0.62851	0.82136
-0.49671	-0.74338	0.63251
-0.56952	-0.85235	0.57231
-0.68302	-1.02222	0.5403
-0.70856	-1.06044	0.4947
-0.70856	-1.06044	0.4947
-0.70856	-1.06044	0
-0.70856	-1.06044	0
-0.03502	-0.08455	3.69747
-0.06877	-0.16602	3.67715
-0.10074	-0.24321	3.64421
-0.13043	-0.31489	3.59941
-0.15734	-0.37984	3.54353
-0.18095	-0.43684	3.47731
-0.20076	-0.48467	3.40153
-0.21597	-0.52139	3.31881
-0.22611	-0.54586	3.23227
-0.23118	-0.5581	3.14345
-0.23118	-0.5581	3.05386
-0.22611	-0.54586	2.96504
-0.21597	-0.52139	2.8785
-0.20076	-0.48467	2.79578
-0.18291	-0.44157	2.72303
-0.16486	-0.39801	2.66388
-0.14666	-0.35406	2.61608
-0.12832	-0.30979	2.57735
-0.10989	-0.2653	2.54542
-0.0914	-0.22065	2.51802
-0.07287	-0.17592	2.4929
-0.07287	-0.17592	2.4929
-0.17176	-0.41465	1.59718
-0.23278	-0.56197	1.13271
-0.28927	-0.69836	0.82136
-0.34214	-0.826	0.63251
-0.39229	-0.94708	0.57231
-0.47048	-1.13583	0.5403
-0.48807	-1.1783	0.4947
-0.48807	-1.1783	0.4947
-0.48807	-1.1783	0
-0.48807	-1.1783	0
-0.01785	-0.08975	3.69747
-0.03506	-0.17625	3.67715
-0.05136	-0.25819	3.64421
-0.06649	-0.33429	3.59941
-0.08021	-0.40324	3.54353
-0.09225	-0.46375	3.47731
-0.10235	-0.51452	3.40153
-0.1101	-0.5535	3.31881
-0.11527	-0.57949	3.23227
-0.11785	-0.59248	3.14345
-0.11785	-0.59248	3.05386
-0.11527	-0.57949	2.96504
-0.1101	-0.5535	2.8785
-0.10235	-0.51452	2.79578
-0.09325	-0.46877	2.72303
-0.08405	-0.42252	2.66388
-0.07476	-0.37586	2.61608
-0.06542	-0.32888	2.57735
-0.05602	-0.28164	2.54542
-0.04659	-0.23424	2.51802
-0.03715	-0.18675	2.4929
-0.03715	-0.18675	2.4929
-0.08756	-0.44019	1.59718
-0.11867	-0.59659	1.13271
-0.14747	-0.74138	0.82136
-0.17442	-0.87688	0.63251
-0.19999	-1.00541	0.57231
-0.23985	-1.20579	0.5403
-0.24881	-1.25088	0.4947
-0.24881	-1.25088	0.4947
-0.24881	-1.25088	0
-0.24881	-1.25088	0
0	-0.09151	3.69747
0	-0.1797	3.67715
0	-0.26325	3.64421
0	-0.34084	3.59941
0	-0.41114	3.54353
0	-0.47283	3.47731
0	-0.5246	3.40153
0	-0.56434	3.31881
0	-0.59084	3.23227
0	-0.60409	3.14345
0	-0.60409	3.05386
0	-0.59084	2.96504
0	-0.56434	2.8785
0	-0.5246	2.79578
0	-0.47795	2.72303
0	-0.4308	2.66388
0	-0.38323	2.61608
0	-0.33532	2.57735
0	-0.28716	2.54542
0	-0.23883	2.51802
0	-0.19041	2.4929
0	-0.19041	2.4929
0	-0.44882	1.59718
0	-0.60828	1.13271
0	-0.7559	0.82136
0	-0.89406	0.63251
0	-1.02511	0.57231
0	-1.22941	0.5403
0	-1.27538	0.4947
0	-1.27538	0.4947
0	-1.27538	0
0	-1.27538	0
0.01785	-0.08975	3.69747
0.03506	-0.17625	3.67715
0.05136	-0.25819	3.64421
0.06649	-0.33429	3.59941
0.08021	-0.40324	3.54353
0.09224	-0.46375	3.47731
0.10234	-0.51452	3.40153
0.1101	-0.5535	3.31881
0.11527	-0.57949	3.23227
0.11785	-0.59248	3.14345
0.11785	-0.59248	3.05386
0.11527	-0.57949	2.96504
0.1101	-0.5535	2.8785
0.10234	-0.51452	2.79578
0.09324	-0.46877	2.72303
0.08404	-0.42252	2.66388
0.07476	-0.37586	2.61608
0.06542	-0.32888	2.57735
0.05602	-0.28164	2.54542
0.04659	-0.23424	2.51802
0.03715	-0.18675	2.4929
0.03715	-0.18675	2.4929
0.08756	-0.44019	1.59718
0.11867	-0.59659	1.13271
0.14747	-0.74138	0.82136
0.17442	-0.87688	0.63251
0.19999	-1.00541	0.57231
0.23985	-1.20579	0.5403
0.24881	-1.25088	0.4947
0.24881	-1.25088	0.4947
0.24881	-1.25088	0
0.24881	-1.25088	0
0.03502	-0.08455	3.69747
0.06877	-0.16602	3.67715
0.10074	-0.24321	3.64421
0.13043	-0.31489	3.59941
0.15733	-0.37984	3.54353
0.18094	-0.43684	3.47731
0.20076	-0.48467	3.40153
0.21596	-0.52139	3.31881
0.2261	-0.54586	3.23227
0.23117	-0.5581	3.14345
0.23117	-0.5581	3.05386
0.2261	-0.54586	2.96504
0.21596	-0.52139	2.8785
0.20076	-0.48467	2.79578
0.1829	-0.44157	2.72303
0.16486	-0.39801	2.66388
0.14665	-0.35406	2.61608
0.12832	-0.30979	2.57735
0.10989	-0.2653	2.54542
0.09139	-0.22065	2.51802
0.07287	-0.17592	2.4929
0.07287	-0.17592	2.4929
0.17175	-0.41465	1.59718
0.23278	-0.56197	1.13271
0.28927	-0.69836	0.82136
0.34214	-0.826	0.63251
0.39229	-0.94708	0.57231
0.47048	-1.13583	0.5403
0.48807	-1.1783	0.4947
0.48807	-1.1783	0.4947
0.48807	-1.1783	0
0.48807	-1.1783	0
0.05084	-0.07609	3.69747
0.09984	-0.14942	3.67715
0.14625	-0.21889	3.64421
0.18936	-0.28339	3.59941
0.22841	-0.34185	3.54353
0.26269	-0.39314	3.47731
0.29145	-0.43619	3.40153
0.31353	-0.46923	3.31881
0.32825	-0.49127	3.23227
0.33561	-0.50228	3.14345
0.33561	-0.50228	3.05386
0.32825	-0.49127	2.96504
0.31353	-0.46924	2.8785
0.29145	-0.43619	2.79578
0.26554	-0.3974	2.72303
0.23934	-0.3582	2.66388
0.21291	-0.31864	2.61608
0.18629	-0.27881	2.57735
0.15953	-0.23876	2.54542
0.13268	-0.19858	2.51802
0.10579	-0.15832	2.4929
0.10579	-0.15832	2.4929
0.24935	-0.37318	1.59718
0.33794	-0.50576	1.13271
0.41996	-0.62851	0.82136
0.49671	-0.74338	0.63251
0.56952	-0.85235	0.57231
0.68302	-1.02222	0.5403
0.70857	-1.06044	0.4947
0.70857	-1.06044	0.4947
0.70857	-1.06044	0
0.70857	-1.06044	0
0.06471	-0.06471	3.69747
0.12707	-0.12707	3.67715
0.18615	-0.18615	3.64421
0.24101	-0.24101	3.59941
0.29072	-0.29072	3.54353
0.33434	-0.33434	3.47731
0.37095	-0.37095	3.40153
0.39905	-0.39905	3.31881
0.41779	-0.41779	3.23227
0.42715	-0.42715	3.14345
0.42715	-0.42715	3.05386
0.41779	-0.41779	2.96504
0.39905	-0.39905	2.8785
0.37095	-0.37095	2.79578
0.33796	-0.33796	2.72303
0.30462	-0.30462	2.66388
0.27098	-0.27098	2.61608
0.23711	-0.23711	2.57735
0.20305	-0.20305	2.54542
0.16887	-0.16887	2.51802
0.13464	-0.13464	2.4929
0.13464	-0.13464	2.4929
0.31736	-0.31736	1.59718
0.43012	-0.43012	1.13271
0.5345	-0.5345	0.82136
0.63219	-0.63219	0.63251
0.72486	-0.72486	0.57231
0.86933	-0.86932	0.5403
0.90183	-0.90183	0.4947
0.90183	-0.90183	0.4947
0.90183	-0.90183	0
0.90183	-0.90183	0
0.07609	-0.05084	3.69747
0.14942	-0.09984	3.67715
0.21888	-0.14625	3.64421
0.28339	-0.18936	3.59941
0.34185	-0.22841	3.54353
0.39314	-0.26269	3.47731
0.43619	-0.29145	3.40153
0.46923	-0.31353	3.31881
0.49126	-0.32825	3.23227
0.50228	-0.33561	3.14345
0.50228	-0.33561	3.05386
0.49126	-0.32825	2.96504
0.46923	-0.31353	2.8785
0.43619	-0.29145	2.79578
0.3974	-0.26554	2.72303
0.3582	-0.23934	2.66388
0.31864	-0.21291	2.61608
0.27881	-0.18629	2.57735
0.23876	-0.15954	2.54542
0.19858	-0.13268	2.51802
0.15832	-0.10579	2.4929
0.15832	-0.10579	2.4929
0.37318	-0.24935	1.59718
0.50576	-0.33794	1.13271
0.62851	-0.41996	0.82136
0.74338	-0.49671	0.63251
0.85235	-0.56952	0.57231
1.02222	-0.68302	0.5403
1.06044	-0.70856	0.4947
1.06044	-0.70856	0.4947
1.06044	-0.70856	0
1.06044	-0.70856	0
0.08455	-0.03502	3.69747
0.16602	-0.06877	3.67715
0.24321	-0.10074	3.64421
0.31489	-0.13043	3.59941
0.37984	-0.15733	3.54353
0.43684	-0.18094	3.47731
0.48467	-0.20076	3.40153
0.52139	-0.21597	3.31881
0.54586	-0.2261	3.23227
0.5581	-0.23117	3.14345
0.5581	-0.23117	3.05386
0.54586	-0.2261	2.96504
0.52139	-0.21597	2.8785
0.48467	-0.20076	2.79578
0.44157	-0.1829	2.72303
0.39801	-0.16486	2.66388
0.35406	-0.14665	2.61608
0.30979	-0.12832	2.57735
0.2653	-0.10989	2.54542
0.22065	-0.09139	2.51802
0.17592	-0.07287	2.4929
0.17592	-0.07287	2.4929
0.41465	-0.17175	1.59718
0.56197	-0.23278	1.13271
0.69836	-0.28927	0.82136
0.826	-0.34214	0.63251
0.94708	-0.39229	0.57231
1.13583	-0.47048	0.5403
1.1783	-0.48807	0.4947
1.1783	-0.48807	0.4947
1.1783	-0.48807	0
1.1783	-0.48807	0
0.08975	-0.01785	3.69747
0.17625	-0.03506	3.67715
0.25819	-0.05136	3.64421
0.33429	-0.06649	3.59941
0.40324	-0.08021	3.54353
0.46375	-0.09224	3.47731
0.51452	-0.10234	3.40153
0.5535	-0.1101	3.31881
0.57949	-0.11527	3.23227
0.59248	-0.11785	3.14345
0.59248	-0.11785	3.05386
0.57949	-0.11527	2.96504
0.5535	-0.1101	2.8785
0.51452	-0.10234	2.79578
0.46877	-0.09324	2.72303
0.42252	-0.08404	2.66388
0.37586	-0.07476	2.61608
0.32887	-0.06542	2.57735
0.28164	-0.05602	2.54542
0.23424	-0.04659	2.51802
0.18675	-0.03715	2.4929
0.18675	-0.03715	2.4929
0.44019	-0.08756	1.59718
0.59659	-0.11867	1.13271
0.74138	-0.14747	0.82136
0.87688	-0.17442	0.63251
1.00541	-0.19999	0.57231
1.20579	-0.23985	0.5403
1.25088	-0.24881	0.4947
1.25088	-0.24881	0.4947
1.25088	-0.24881	0
1.25088	-0.24881	0
3	1	2	35
3	2	3	36
3	2	36	35
3	3	4	37
3	3	37	36
3	4	5	38
3	4	38	37
3	5	6	39
3	5	39	38
3	6	7	40
3	6	40	39
3	7	8	41
3	7	41	40
3	8	9	42
3	8	42	41
3	9	10	43
3	9	43	42
3	10	11	44
3	10	44	43
3	11	12	45
3	11	45	44
3	12	13	46
3	12	46	45
3	13	14	47
3	13	47	46
3	14	15	48
3	14	48	47
3	15	16	49
3	15	49	48
3	16	17	50
3	16	50	49
3	17	18	51
3	17	51	50
3	18	19	52
3	18	52	51
3	19	20	53
3	19	53	52
3	20	21	54
3	20	54	53
3	21	22	55
3	21	55	54
3	22	23	56
3	22	56	55
3	23	24	57
3	23	57	56
3	24	25	58
3	24	58	57
3	25	26	59
3	25	59	58
3	26	27	60
3	26	60	59
3	27	28	61
3	27	61	60
3	28	29	62
3	28	62	61
3	29	30	63
3	29	63	62
3	31	32	65
3	31	65	64
3	33	34	66
3	1	35	67
3	35	36	68
3	35	68	67
3	36	37	69
3	36	69	68
3	37	38	70
3	37	70	69
3	38	39	71
3	38	71	70
3	39	40	72
3	39	72	71
3	40	41	73
3	40	73	72
3	41	42	74
3	41	74	73
3	42	43	75
3	42	75	74
3	43	44	76
3	43	76	75
3	44	45	77
3	44	77	76
3	45	46	78
3	45	78	77
3	46	47	79
3	46	79	78
3	47	48	80
3	47	80	79
3	48	49	81
3	48	81	80
3	49	50	82
3	49	82	81
3	50	51	83
3	50	83	82
3	51	52	84
3	51	84	83
3	52	53	85
3	52	85	84
3	53	54	86
3	53	86	85
3	54	55	87
3	54	87	86
3	55	56	88
3	55	88	87
3	56	57	89
3	56	89	88
3	57	58	90
3	57	90	89
3	58	59	91
3	58	91	90
3	59	60	92
3	59	92	91
3	60	61	93
3	60	93	92
3	61	62	94
3	61	94	93
3	62	63	95
3	62	95	94
3	64	65	97
3	64	97	96
3	66	34	98
3	1	67	99
3	67	68	100
3	67	100	99
3	68	69	101
3	68	101	100
3	69	70	102
3	69	102	101
3	70	71	103
3	70	103	102
3	71	72	104
3	71	104	103
3	72	73	105
3	72	105	104
3	73	74	106
3	73	106	105
3	74	75	107
3	74	107	106
3	75	76	108
3	75	108	107
3	76	77	109
3	76	109	108
3	77	78	110
3	77	110	109
3	78	79	111
3	78	111	110
3	79	80	112
3	79	112	111
3	80	81	113
3	80	113	112
3	81	82	114
3	81	114	113
3	82	83	115
3	82	115	114
3	83	84	116
3	83	116	115
3	84	85	117
3	84	117	116
3	85	86	118
3	85	118	117
3	86	87	119
3	86	119	118
3	87	88	120
3	87	120	119
3	88	89	121
3	88	121	120
3	89	90	122
3	89	122	121
3	90	91	123
3	90	123	122
3	91	92	124
3	91	124	123
3	92	93	125
3	92	125	124
3	93	94	126
3	93	126	125
3	94	95	127
3	94	127	126
3	96	97	129
3	96	129	128
3	98	34	130
3	1	99	131
3	99	100	132
3	99	132	131
3	100	101	133
3	100	133	132
3	101	102	134
3	101	134	133
3	102	103	135
3	102	135	134
3	103	104	136
3	103	136	135
3	104	105	137
3	104	137	136
3	105	106	138
3	105	138	137
3	106	107	139
3	106	139	138
3	107	108	140
3	107	140	139
3	108	109	141
3	108	141	140
3	109	110	142
3	109	142	141
3	110	111	143
3	110	143	142
3	111	112	144
3	111	144	143
3	112	113	145
3	112	145	144
3	113	114	146
3	113	146	145
3	114	115	147
3	114	147	146
3	115	116	148
3	115	148	147
3	116	117	149
3	116	149	148
3	117	118	150
3	117	150	149
3	118	119	151
3	118	151	150
3	119	120	152
3	119	152	151
3	120	121	153
3	120	153	152
3	121	122	154
3	121	154	153
3	122	123	155
3	122	155	154
3	123	124	156
3	123	156	155
3	124	125	157
3	124	157	156
3	125	126	158
3	125	158	157
3	126	127	159
3	126	159	158
3	128	129	161
3	128	161	160
3	130	34	162
3	1	131	163
3	131	132	164
3	131	164	163
3	132	133	165
3	132	165	164
3	133	134	166
3	133	166	165
3	134	135	167
3	134	167	166
3	135	136	168
3	135	168	167
3	136	137	169
3	136	169	168
3	137	138	170
3	137	170	169
3	138	139	171
3	138	171	170
3	139	140	172
3	139	172	171
3	140	141	173
3	140	173	172
3	141	142	174
3	141	174	173
3	142	143	175
3	142	175	174
3	143	144	176
3	143	176	175
3	144	145	177
3	144	177	176
3	145	146	178
3	145	178	177
3	146	147	179
3	146	179	178
3	147	148	180
3	147	180	179
3	148	149	181
3	148	181	180
3	149	150	182
3	149	182	181
3	150	151	183
3	150	183	182
3	151	152	184
3	151	184	183
3	152	153	185
3	152	185	184
3	153	154	186
3	153	186	185
3	154	155	187
3	154	187	186
3	155	156	188
3	155	188	187
3	156	157	189
3	156	189	188
3	157	158	190
3	157	190	189
3	158	159	191
3	158	191	190
3	160	161	193
3	160	193	192
3	162	34	194
3	1	163	195
3	163	164	196
3	163	196	195
3	164	165	197
3	164	197	196
3	165	166	198
3	165	198	197
3	166	167	199
3	166	199	198
3	167	168	200
3	167	200	199
3	168	169	201
3	168	201	200
3	169	170	202
3	169	202	201
3	170	171	203
3	170	203	202
3	171	172	204
3	171	204	203
3	172	173	205
3	172	205	204
3	173	174	206
3	173	206	205
3	174	175	207
3	174	207	206
3	175	176	208
3	175	208	207
3	176	177	209
3	176	209	208
3	177	178	210
3	177	210	209
3	178	179	211
3	178	211	210
3	179	180	212
3	179	212	211
3	180	181	213
3	180	213	212
3	181	182	214
3	181	214	213
3	182	183	215
3	182	215	214
3	183	184	216
3	183	216	215
3	184	185	217
3	184	217	216
3	185	186	218
3	185	218	217
3	186	187	219
3	186	219	218
3	187	188	220
3	187	220	219
3	188	189	221
3	188	221	220
3	189	190	222
3	189	222	221
3	190	191	223
3	190	223	222
3	192	193	225
3	192	225	224
3	194	34	226
3	1	195	227
3	195	196	228
3	195	228	227
3	196	197	229
3	196	229	228
3	197	198	230
3	197	230	229
3	198	199	231
3	198	231	230
3	199	200	232
3	199	232	231
3	200	201	233
3	200	233	232
3	201	202	234
3	201	234	233
3	202	203	235
3	202	235	234
3	203	204	236
3	203	236	235
3	204	205	237
3	204	237	236
3	205	206	238
3	205	238	237
3	206	207	239
3	206	239	238
3	207	208	240
3	207	240	239
3	208	209	241
3	208	241	240
3	209	210	242
3	209	242	241
3	210	211	243
3	210	243	242
3	211	212	244
3	211	244	243
3	212	213	245
3	212	245	244
3	213	214	246
3	213	246	245
3	214	215	247
3	214	247	246
3	215	216	248
3	215	248	247
3	216	217	249
3	216	249	248
3	217	218	250
3	217	250	249
3	218	219	251
3	218	251	250
3	219	220	252
3	219	252	251
3	220	221	253
3	220	253	252
3	221	222	254
3	221	254	253
3	222	223	255
3	222	255	254
3	224	225	257
3	224	257	256
3	226	34	258
3	1	227	259
3	227	228	260
3	227	260	259
3	228	229	261
3	228	261	260
3	229	230	262
3	229	262	261
3	230	231	263
3	230	263	262
3	231	232	264
3	231	264	263
3	232	233	265
3	232	265	264
3	233	234	266
3	233	266	265
3	234	235	267
3	234	267	266
3	235	236	268
3	235	268	267
3	236	237	269
3	236	269	268
3	237	238	270
3	237	270	269
3	238	239	271
3	238	271	270
3	239	240	272
3	239	272	271
3	240	241	273
3	240	273	272
3	241	242	274
3	241	274	273
3	242	243	275
3	242	275	274
3	243	244	276
3	243	276	275
3	244	245	277
3	244	277	276
3	245	246	278
3	245	278	277
3	246	247	279
3	246	279	278
3	247	248	280
3	247	280	279
3	248	249	281
3	248	281	280
3	249	250	282
3	249	282	281
3	250	251	283
3	250	283	282
3	251	252	284
3	251	284	283
3	252	253	285
3	252	285	284
3	253	254	286
3	253	286	285
3	254	255	287
3	254	287	286
3	256	257	289
3	256	289	288
3	258	34	290
3	1	259	291
3	259	260	292
3	259	292	291
3	260	261	293
3	260	293	292
3	261	262	294
3	261	294	293
3	262	263	295
3	262	295	294
3	263	264	296
3	263	296	295
3	264	265	297
3	264	297	296
3	265	266	298
3	265	298	297
3	266	267	299
3	266	299	298
3	267	268	300
3	267	300	299
3	268	269	301
3	268	301	300
3	269	270	302
3	269	302	301
3	270	271	303
3	270	303	302
3	271	272	304
3	271	304	303
3	272	273	305
3	272	305	304
3	273	274	306
3	273	306	305
3	274	275	307
3	274	307	306
3	275	276	308
3	275	308	307
3	276	277	309
3	276	309	308
3	277	278	310
3	277	310	309
3	278	279	311
3	278	311	310
3	279	280	312
3	279	312	311
3	280	281	313
3	280	313	312
3	281	282	314
3	281	314	313
3	282	283	315
3	282	315	314
3	283	284	316
3	283	316	315
3	284	285	317
3	284	317	316
3	285	286	318
3	285	318	317
3	286	287	319
3	286	319	318
3	288	289	321
3	288	321	320
3	290	34	322
3	1	291	323
3	291	292	324
3	291	324	323
3	292	293	325
3	292	325	324
3	293	294	326
3	293	326	325
3	294	295	327
3	294	327	326
3	295	296	328
3	295	328	327
3	296	297	329
3	296	329	328
3	297	298	330
3	297	330	329
3	298	299	331
3	298	331	330
3	299	300	332
3	299	332	331
3	300	301	333
3	300	333	332
3	301	302	334
3	301	334	333
3	302	303	335
3	302	335	334
3	303	304	336
3	303	336	335
3	304	305	337
3	304	337	336
3	305	306	338
3	305	338	337
3	306	307	339
3	306	339	338
3	307	308	340
3	307	340	339
3	308	309	341
3	308	341	340
3	309	310	342
3	309	342	341
3	310	311	343
3	310	343	342
3	311	312	344
3	311	344	343
3	312	313	345
3	312	345	344
3	313	314	346
3	313	346	345
3	314	315	347
3	314	347	346
3	315	316	348
3	315	348	347
3	316	317	349
3	316	349	348
3	317	318	350
3	317	350	349
3	318	319	351
3	318	351	350
3	320	321	353
3	320	353	352
3	322	34	354
3	1	323	355
3	323	324	356
3	323	356	355
3	324	325	357
3	324	357	356
3	325	326	358
3	325	358	357
3	326	327	359
3	326	359	358
3	327	328	360
3	327	360	359
3	328	329	361
3	328	361	360
3	329	330	362
3	329	362	361
3	330	331	363
3	330	363	362
3	331	332	364
3	331	364	363
3	332	333	365
3	332	365	364
3	333	334	366
3	333	366	365
3	334	335	367
3	334	367	366
3	335	336	368
3	335	368	367
3	336	337	369
3	336	369	368
3	337	338	370
3	337	370	369
3	338	339	371
3	338	371	370
3	339	340	372
3	339	372	371
3	340	341	373
3	340	373	372
3	341	342	374
3	341	374	373
3	342	343	375
3	342	375	374
3	343	344	376
3	343	376	375
3	344	345	377
3	344	377	376
3	345	346	378
3	345	378	377
3	346	347	379
3	346	379	378
3	347	348	380
3	347	380	379
3	348	349	381
3	348	381	380
3	349	350	382
3	349	382	381
3	350	351	383
3	350	383	382
3	352	353	385
3	352	385	384
3	354	34	386
3	1	355	387
3	355	356	388
3	355	388	387
3	356	357	389
3	356	389	388
3	357	358	390
3	357	390	389
3	358	359	391
3	358	391	390
3	359	360	392
3	359	392	391
3	360	361	393
3	360	393	392
3	361	362	394
3	361	394	393
3	362	363	395
3	362	395	394
3	363	364	396
3	363	396	395
3	364	365	397
3	364	397	396
3	365	366	398
3	365	398	397
3	366	367	399
3	366	399	398
3	367	368	400
3	367	400	399
3	368	369	401
3	368	401	400
3	369	370	402
3	369	402	401
3	370	371	403
3	370	403	402
3	371	372	404
3	371	404	403
3	372	373	405
3	372	405	404
3	373	374	406
3	373	406	405
3	374	375	407
3	374	407	406
3	375	376	408
3	375	408	407
3	376	377	409
3	376	409	408
3	377	378	410
3	377	410	409
3	378	379	411
3	378	411	410
3	379	380	412
3	379	412	411
3	380	381	413
3	380	413	412
3	381	382	414
3	381	414	413
3	382	383	415
3	382	415	414
3	384	385	417
3	384	417	416
3	386	34	418
3	1	387	419
3	387	388	420
3	387	420	419
3	388	389	421
3	388	421	420
3	389	390	422
3	389	422	421
3	390	391	423
3	390	423	422
3	391	392	424
3	391	424	423
3	392	393	425
3	392	425	424
3	393	394	426
3	393	426	425
3	394	395	427
3	394	427	426
3	395	396	428
3	395	428	427
3	396	397	429
3	396	429	428
3	397	398	430
3	397	430	429
3	398	399	431
3	398	431	430
3	399	400	432
3	399	432	431
3	400	401	433
3	400	433	432
3	401	402	434
3	401	434	433
3	402	403	435
3	402	435	434
3	403	404	436
3	403	436	435
3	404	405	437
3	404	437	436
3	405	406	438
3	405	438	437
3	406	407	439
3	406	439	438
3	407	408	440
3	407	440	439
3	408	409	441
3	408	441	440
3	409	410	442
3	409	442	441
3	410	411	443
3	410	443	442
3	411	412	444
3	411	444	443
3	412	413	445
3	412	445	444
3	413	414	446
3	413	446	445
3	414	415	447
3	414	447	446
3	416	417	449
3	416	449	448
3	418	34	450
3	1	419	451
3	419	420	452
3	419	452	451
3	420	421	453
3	420	453	452
3	421	422	454
3	421	454	453
3	422	423	455
3	422	455	454
3	423	424	456
3	423	456	455
3	424	425	457
3	424	457	456
3	425	426	458
3	425	458	457
3	426	427	459
3	426	459	458
3	427	428	460
3	427	460	459
3	428	429	461
3	428	461	460
3	429	430	462
3	429	462	461
3	430	431	463
3	430	463	462
3	431	432	464
3	431	464	463
3	432	433	465
3	432	465	464
3	433	434	466
3	433	466	465
3	434	435	467
3	434	467	466
3	435	436	468
3	435	468	467
3	436	437	469
3	436	469	468
3	437	438	470
3	437	470	469
3	438	439	471
3	438	471	470
3	439	440	472
3	439	472	471
3	440	441	473
3	440	473	472
3	441	442	474
3	441	474	473
3	442	443	475
3	442	475	474
3	443	444	476
3	443	476	475
3	444	445	477
3	444	477	476
3	445	446	478
3	445	478	477
3	446	447	479
3	446	479	478
3	448	449	481
3	448	481	480
3	450	34	482
3	1	451	483
3	451	452	484
3	451	484	483
3	452	453	485
3	452	485	484
3	453	454	486
3	453	486	485
3	454	455	487
3	454	487	486
3	455	456	488
3	455	488	487
3	456	457	489
3	456	489	488
3	457	458	490
3	457	490	489
3	458	459	491
3	458	491	490
3	459	460	492
3	459	492	491
3	460	461	493
3	460	493	492
3	461	462	494
3	461	494	493
3	462	463	495
3	462	495	494
3	463	464	496
3	463	496	495
3	464	465	497
3	464	497	496
3	465	466	498
3	465	498	497
3	466	467	499
3	466	499	498
3	467	468	500
3	467	500	499
3	468	469	501
3	468	501	500
3	469	470	502
3	469	502	501
3	470	471	503
3	470	503	502
3	471	472	504
3	471	504	503
3	472	473	505
3	472	505	504
3	473	474	506
3	473	506	505
3	474	475	507
3	474	507	506
3	475	476	508
3	475	508	507
3	476	477	509
3	476	509	508
3	477	478	510
3	477	510	509
3	478	479	511
3	478	511	510
3	480	481	513
3	480	513	512
3	482	34	514
3	1	483	515
3	483	484	516
3	483	516	515
3	484	485	517
3	484	517	516
3	485	486	518
3	485	518	517
3	486	487	519
3	486	519	518
3	487	488	520
3	487	520	519
3	488	489	521
3	488	521	520
3	489	490	522
3	489	522	521
3	490	491	523
3	490	523	522
3	491	492	524
3	491	524	523
3	492	493	525
3	492	525	524
3	493	494	526
3	493	526	525
3	494	495	527
3	494	527	526
3	495	496	528
3	495	528	527
3	496	497	529
3	496	529	528
3	497	498	530
3	497	530	529
3	498	499	531
3	498	531	530
3	499	500	532
3	499	532	531
3	500	501	533
3	500	533	532
3	501	502	534
3	501	534	533
3	502	503	535
3	502	535	534
3	503	504	536
3	503	536	535
3	504	505	537
3	504	537	536
3	505	506	538
3	505	538	537
3	506	507	539
3	506	539	538
3	507	508	540
3	507	540	539
3	508	509	541
3	508	541	540
3	509	510	542
3	509	542	541
3	510	511	543
3	510	543	542
3	512	513	545
3	512	545	544
3	514	34	546
3	1	515	547
3	515	516	548
3	515	548	547
3	516	517	549
3	516	549	548
3	517	518	550
3	517	550	549
3	518	519	551
3	518	551	550
3	519	520	552
3	519	552	551
3	520	521	553
3	520	553	552
3	521	522	554
3	521	554	553
3	522	523	555
3	522	555	554
3	523	524	556
3	523	556	555
3	524	525	557
3	524	557	556
3	525	526	558
3	525	558	557
3	526	527	559
3	526	559	558
3	527	528	560
3	527	560	559
3	528	529	561
3	528	561	560
3	529	530	562
3	529	562	561
3	530	531	563
3	530	563	562
3	531	532	564
3	531	564	563
3	532	533	565
3	532	565	564
3	533	534	566
3	533	566	565
3	534	535	567
3	534	567	566
3	535	536	568
3	535	568	567
3	536	537	569
3	536	569	568
3	537	538	570
3	537	570	569
3	538	539	571
3	538	571	570
3	539	540	572
3	539	572	571
3	540	541	573
3	540	573	572
3	541	542	574
3	541	574	573
3	542	543	575
3	542	575	574
3	544	545	577
3	544	577	576
3	546	34	578
3	1	547	579
3	547	548	580
3	547	580	579
3	548	549	581
3	548	581	580
3	549	550	582
3	549	582	581
3	550	551	583
3	550	583	582
3	551	552	584
3	551	584	583
3	552	553	585
3	552	585	584
3	553	554	586
3	553	586	585
3	554	555	587
3	554	587	586
3	555	556	588
3	555	588	587
3	556	557	589
3	556	589	588
3	557	558	590
3	557	590	589
3	558	559	591
3	558	591	590
3	559	560	592
3	559	592	591
3	560	561	593
3	560	593	592
3	561	562	594
3	561	594	593
3	562	563	595
3	562	595	594
3	563	564	596
3	563	596	595
3	564	565	597
3	564	597	596
3	565	566	598
3	565	598	597
3	566	567	599
3	566	599	598
3	567	568	600
3	567	600	599
3	568	569	601
3	568	601	600
3	569	570	602
3	569	602	601
3	570	571	603
3	570	603	602
3	571	572	604
3	571	604	603
3	572	573	605
3	572	605	604
3	573	574	606
3	573	606	605
3	574	575	607
3	574	607	606
3	576	577	609
3	576	609	608
3	578	34	610
3	1	579	611
3	579	580	612
3	579	612	611
3	580	581	613
3	580	613	612
3	581	582	614
3	581	614	613
3	582	583	615
3	582	615	614
3	583	584	616
3	583	616	615
3	584	585	617
3	584	617	616
3	585	586	618
3	585	618	617
3	586	587	619
3	586	619	618
3	587	588	620
3	587	620	619
3	588	589	621
3	588	621	620
3	589	590	622
3	589	622	621
3	590	591	623
3	590	623	622
3	591	592	624
3	591	624	623
3	592	593	625
3	592	625	624
3	593	594	626
3	593	626	625
3	594	595	627
3	594	627	626
3	595	596	628
3	595	628	627
3	596	597	629
3	596	629	628
3	597	598	630
3	597	630	629
3	598	599	631
3	598	631	630
3	599	600	632
3	599	632	631
3	600	601	633
3	600	633	632
3	601	602	634
3	601	634	633
3	602	603	635
3	602	635	634
3	603	604	636
3	603	636	635
3	604	605	637
3	604	637	636
3	605	606	638
3	605	638	637
3	606	607	639
3	606	639	638
3	608	609	641
3	608	641	640
3	610	34	642
3	1	611	643
3	611	612	644
3	611	644	643
3	612	613	645
3	612	645	644
3	613	614	646
3	613	646	645
3	614	615	647
3	614	647	646
3	615	616	648
3	615	648	647
3	616	617	649
3	616	649	648
3	617	618	650
3	617	650	649
3	618	619	651
3	618	651	650
3	619	620	652
3	619	652	651
3	620	621	653
3	620	653	652
3	621	622	654
3	621	654	653
3	622	623	655
3	622	655	654
3	623	624	656
3	623	656	655
3	624	625	657
3	624	657	656
3	625	626	658
3	625	658	657
3	626	627	659
3	626	659	658
3	627	628	660
3	627	660	659
3	628	629	661
3	628	661	660
3	629	630	662
3	629	662	661
3	630	631	663
3	630	663	662
3	631	632	664
3	631	664	663
3	632	633	665
3	632	665	664
3	633	634	666
3	633	666	665
3	634	635	667
3	634	667	666
3	635	636	668
3	635	668	667
3	636	637	669
3	636	669	668
3	637	638	670
3	637	670	669
3	638	639	671
3	638	671	670
3	640	641	673
3	640	673	672
3	642	34	674
3	1	643	675
3	643	644	676
3	643	676	675
3	644	645	677
3	644	677	676
3	645	646	678
3	645	678	677
3	646	647	679
3	646	679	678
3	647	648	680
3	647	680	679
3	648	649	681
3	648	681	680
3	649	650	682
3	649	682	681
3	650	651	683
3	650	683	682
3	651	652	684
3	651	684	683
3	652	653	685
3	652	685	684
3	653	654	686
3	653	686	685
3	654	655	687
3	654	687	686
3	655	656	688
3	655	688	687
3	656	657	689
3	656	689	688
3	657	658	690
3	657	690	689
3	658	659	691
3	658	691	690
3	659	660	692
3	659	692	691
3	660	661	693
3	660	693	692
3	661	662	694
3	661	694	693
3	662	663	695
3	662	695	694
3	663	664	696
3	663	696	695
3	664	665	697
3	664	697	696
3	665	666	698
3	665	698	697
3	666	667	699
3	666	699	698
3	667	668	700
3	667	700	699
3	668	669	701
3	668	701	700
3	669	670	702
3	669	702	701
3	670	671	703
3	670	703	702
3	672	673	705
3	672	705	704
3	674	34	706
3	1	675	707
3	675	676	708
3	675	708	707
3	676	677	709
3	676	709	708
3	677	678	710
3	677	710	709
3	678	679	711
3	678	711	710
3	679	680	712
3	679	712	711
3	680	681	713
3	680	713	712
3	681	682	714
3	681	714	713
3	682	683	715
3	682	715	714
3	683	684	716
3	683	716	715
3	684	685	717
3	684	717	716
3	685	686	718
3	685	718	717
3	686	687	719
3	686	719	718
3	687	688	720
3	687	720	719
3	688	689	721
3	688	721	720
3	689	690	722
3	689	722	721
3	690	691	723
3	690	723	722
3	691	692	724
3	691	724	723
3	692	693	725
3	692	725	724
3	693	694	726
3	693	726	725
3	694	695	727
3	694	727	726
3	695	696	728
3	695	728	727
3	696	697	729
3	696	729	728
3	697	698	730
3	697	730	729
3	698	699	731
3	698	731	730
3	699	700	732
3	699	732	731
3	700	701	733
3	700	733	732
3	701	702	734
3	701	734	733
3	702	703	735
3	702	735	734
3	704	705	737
3	704	737	736
3	706	34	738
3	1	707	739
3	707	708	740
3	707	740	739
3	708	709	741
3	708	741	740
3	709	710	742
3	709	742	741
3	710	711	743
3	710	743	742
3	711	712	744
3	711	744	743
3	712	713	745
3	712	745	744
3	713	714	746
3	713	746	745
3	714	715	747
3	714	747	746
3	715	716	748
3	715	748	747
3	716	717	749
3	716	749	748
3	717	718	750
3	717	750	749
3	718	719	751
3	718	751	750
3	719	720	752
3	719	752	751
3	720	721	753
3	720	753	752
3	721	722	754
3	721	754	753
3	722	723	755
3	722	755	754
3	723	724	756
3	723	756	755
3	724	725	757
3	724	757	756
3	725	726	758
3	725	758	757
3	726	727	759
3	726	759	758
3	727	728	760
3	727	760	759
3	728	729	761
3	728	761	760
3	729	730	762
3	729	762	761
3	730	731	763
3	730	763	762
3	731	732	764
3	731	764	763
3	732	733	765
3	732	765	764
3	733	734	766
3	733	766	765
3	734	735	767
3	734	767	766
3	736	737	769
3	736	769	768
3	738	34	770
3	1	739	771
3	739	740	772
3	739	772	771
3	740	741	773
3	740	773	772
3	741	742	774
3	741	774	773
3	742	743	775
3	742	775	774
3	743	744	776
3	743	776	775
3	744	745	777
3	744	777	776
3	745	746	778
3	745	778	777
3	746	747	779
3	746	779	778
3	747	748	780
3	747	780	779
3	748	749	781
3	748	781	780
3	749	750	782
3	749	782	781
3	750	751	783
3	750	783	782
3	751	752	784
3	751	784	783
3	752	753	785
3	752	785	784
3	753	754	786
3	753	786	785
3	754	755	787
3	754	787	786
3	755	756	788
3	755	788	787
3	756	757	789
3	756	789	788
3	757	758	790
3	757	790	789
3	758	759	791
3	758	791	790
3	759	760	792
3	759	792	791
3	760	761	793
3	760	793	792
3	761	762	794
3	761	794	793
3	762	763	795
3	762	795	794
3	763	764	796
3	763	796	795
3	764	765	797
3	764	797	796
3	765	766	798
3	765	798	797
3	766	767	799
3	766	799	798
3	768	769	801
3	768	801	800
3	770	34	802
3	1	771	803
3	771	772	804
3	771	804	803
3	772	773	805
3	772	805	804
3	773	774	806
3	773	806	805
3	774	775	807
3	774	807	806
3	775	776	808
3	775	808	807
3	776	777	809
3	776	809	808
3	777	778	810
3	777	810	809
3	778	779	811
3	778	811	810
3	779	780	812
3	779	812	811
3	780	781	813
3	780	813	812
3	781	782	814
3	781	814	813
3	782	783	815
3	782	815	814
3	783	784	816
3	783	816	815
3	784	785	817
3	784	817	816
3	785	786	818
3	785	818	817
3	786	787	819
3	786	819	818
3	787	788	820
3	787	820	819
3	788	789	821
3	788	821	820
3	789	790	822
3	789	822	821
3	790	791	823
3	790	823	822
3	791	792	824
3	791	824	823
3	792	793	825
3	792	825	824
3	793	794	826
3	793	826	825
3	794	795	827
3	794	827	826
3	795	796	828
3	795	828	827
3	796	797	829
3	796	829	828
3	797	798	830
3	797	830	829
3	798	799	831
3	798	831	830
3	800	801	833
3	800	833	832
3	802	34	834
3	1	803	835
3	803	804	836
3	803	836	835
3	804	805	837
3	804	837	836
3	805	806	838
3	805	838	837
3	806	807	839
3	806	839	838
3	807	808	840
3	807	840	839
3	808	809	841
3	808	841	840
3	809	810	842
3	809	842	841
3	810	811	843
3	810	843	842
3	811	812	844
3	811	844	843
3	812	813	845
3	812	845	844
3	813	814	846
3	813	846	845
3	814	815	847
3	814	847	846
3	815	816	848
3	815	848	847
3	816	817	849
3	816	849	848
3	817	818	850
3	817	850	849
3	818	819	851
3	818	851	850
3	819	820	852
3	819	852	851
3	820	821	853
3	820	853	852
3	821	822	854
3	821	854	853
3	822	823	855
3	822	855	854
3	823	824	856
3	823	856	855
3	824	825	857
3	824	857	856
3	825	826	858
3	825	858	857
3	826	827	859
3	826	859	858
3	827	828	860
3	827	860	859
3	828	829	861
3	828	861	860
3	829	830	862
3	829	862	861
3	830	831	863
3	830	863	862
3	832	833	865
3	832	865	864
3	834	34	866
3	1	835	867
3	835	836	868
3	835	868	867
3	836	837	869
3	836	869	868
3	837	838	870
3	837	870	869
3	838	839	871
3	838	871	870
3	839	840	872
3	839	872	871
3	840	841	873
3	840	873	872
3	841	842	874
3	841	874	873
3	842	843	875
3	842	875	874
3	843	844	876
3	843	876	875
3	844	845	877
3	844	877	876
3	845	846	878
3	845	878	877
3	846	847	879
3	846	879	878
3	847	848	880
3	847	880	879
3	848	849	881
3	848	881	880
3	849	850	882
3	849	882	881
3	850	851	883
3	850	883	882
3	851	852	884
3	851	884	883
3	852	853	885
3	852	885	884
3	853	854	886
3	853	886	885
3	854	855	887
3	854	887	886
3	855	856	888
3	855	888	887
3	856	857	889
3	856	889	888
3	857	858	890
3	857	890	889
3	858	859	891
3	858	891	890
3	859	860	892
3	859	892	891
3	860	861	893
3	860	893	892
3	861	862	894
3	861	894	893
3	862	863	895
3	862	895	894
3	864	865	897
3	864	897	896
3	866	34	898
3	1	867	899
3	867	868	900
3	867	900	899
3	868	869	901
3	868	901	900
3	869	870	902
3	869	902	901
3	870	871	903
3	870	903	902
3	871	872	904
3	871	904	903
3	872	873	905
3	872	905	904
3	873	874	906
3	873	906	905
3	874	875	907
3	874	907	906
3	875	876	908
3	875	908	907
3	876	877	909
3	876	909	908
3	877	878	910
3	877	910	909
3	878	879	911
3	878	911	910
3	879	880	912
3	879	912	911
3	880	881	913
3	880	913	912
3	881	882	914
3	881	914	913
3	882	883	915
3	882	915	914
3	883	884	916
3	883	916	915
3	884	885	917
3	884	917	916
3	885	886	918
3	885	918	917
3	886	887	919
3	886	919	918
3	887	888	920
3	887	920	919
3	888	889	921
3	888	921	920
3	889	890	922
3	889	922	921
3	890	891	923
3	890	923	922
3	891	892	924
3	891	924	923
3	892	893	925
3	892	925	924
3	893	894	926
3	893	926	925
3	894	895	927
3	894	927	926
3	896	897	929
3	896	929	928
3	898	34	930
3	1	899	931
3	899	900	932
3	899	932	931
3	900	901	933
3	900	933	932
3	901	902	934
3	901	934	933
3	902	903	935
3	902	935	934
3	903	904	936
3	903	936	935
3	904	905	937
3	904	937	936
3	905	906	938
3	905	938	937
3	906	907	939
3	906	939	938
3	907	908	940
3	907	940	939
3	908	909	941
3	908	941	940
3	909	910	942
3	909	942	941
3	910	911	943
3	910	943	942
3	911	912	944
3	911	944	943
3	912	913	945
3	912	945	944
3	913	914	946
3	913	946	945
3	914	915	947
3	914	947	946
3	915	916	948
3	915	948	947
3	916	917	949
3	916	949	948
3	917	918	950
3	917	950	949
3	918	919	951
3	918	951	950
3	919	920	952
3	919	952	951
3	920	921	953
3	920	953	952
3	921	922	954
3	921	954	953
3	922	923	955
3	922	955	954
3	923	924	956
3	923	956	955
3	924	925	957
3	924	957	956
3	925	926	958
3	925	958	957
3	926	927	959
3	926	959	958
3	928	929	961
3	928	961	960
3	930	34	962
3	1	931	963
3	931	932	964
3	931	964	963
3	932	933	965
3	932	965	964
3	933	934	966
3	933	966	965
3	934	935	967
3	934	967	966
3	935	936	968
3	935	968	967
3	936	937	969
3	936	969	968
3	937	938	970
3	937	970	969
3	938	939	971
3	938	971	970
3	939	940	972
3	939	972	971
3	940	941	973
3	940	973	972
3	941	942	974
3	941	974	973
3	942	943	975
3	942	975	974
3	943	944	976
3	943	976	975
3	944	945	977
3	944	977	976
3	945	946	978
3	945	978	977
3	946	947	979
3	946	979	978
3	947	948	980
3	947	980	979
3	948	949	981
3	948	981	980
3	949	950	982
3	949	982	981
3	950	951	983
3	950	983	982
3	951	952	984
3	951	984	983
3	952	953	985
3	952	985	984
3	953	954	986
3	953	986	985
3	954	955	987
3	954	987	986
3	955	956	988
3	955	988	987
3	956	957	989
3	956	989	988
3	957	958	990
3	957	990	989
3	958	959	991
3	958	991	990
3	960	961	993
3	960	993	992
3	962	34	994
3	1	963	995
3	963	964	996
3	963	996	995
3	964	965	997
3	964	997	996
3	965	966	998
3	965	998	997
3	966	967	999
3	966	999	998
3	967	968	1000
3	967	1000	999
3	968	969	1001
3	968	1001	1000
3	969	970	1002
3	969	1002	1001
3	970	971	1003
3	970	1003	1002
3	971	972	1004
3	971	1004	1003
3	972	973	1005
3	972	1005	1004
3	973	974	1006
3	973	1006	1005
3	974	975	1007
3	974	1007	1006
3	975	976	1008
3	975	1008	1007
3	976	977	1009
3	976	1009	1008
3	977	978	1010
3	977	1010	1009
3	978	979	1011
3	978	1011	1010
3	979	980	1012
3	979	1012	1011
3	980	981	1013
3	980	1013	1012
3	981	982	1014
3	981	1014	1013
3	982	983	1015
3	982	1015	1014
3	983	984	1016
3	983	1016	1015
3	984	985	1017
3	984	1017	1016
3	985	986	1018
3	985	1018	1017
3	986	987	1019
3	986	1019	1018
3	987	988	1020
3	987	1020	1019
3	988	989	1021
3	988	1021	1020
3	989	990	1022
3	989	1022	1021
3	990	991	1023
3	990	1023	1022
3	992	993	1025
3	992	1025	1024
3	994	34	1026
3	1	995	2
3	995	996	3
3	995	3	2
3	996	997	4
3	996	4	3
3	997	998	5
3	997	5	4
3	998	999	6
3	998	6	5
3	999	1000	7
3	999	7	6
3	1000	1001	8
3	1000	8	7
3	1001	1002	9
3	1001	9	8
3	1002	1003	10
3	1002	10	9
3	1003	1004	11
3	1003	11	10
3	1004	1005	12
3	1004	12	11
3	1005	1006	13
3	1005	13	12
3	1006	1007	14
3	1006	14	13
3	1007	1008	15
3	1007	15	14
3	1008	1009	16
3	1008	16	15
3	1009	1010	17
3	1009	17	16
3	1010	1011	18
3	1010	18	17
3	1011	1012	19
3	1011	19	18
3	1012	1013	20
3	1012	20	19
3	1013	1014	21
3	1013	21	20
3	1014	1015	22
3	1014	22	21
3	1015	1016	23
3	1015	23	22
3	1016	1017	24
3	1016	24	23
3	1017	1018	25
3	1017	25	24
3	1018	1019	26
3	1018	26	25
3	1019	1020	27
3	1019	27	26
3	1020	1021	28
3	1020	28	27
3	1021	1022	29
3	1021	29	28
3	1022	1023	30
3	1022	30	29
3	1024	1025	32
3	1024	32	31
3	1026	34	33
