data 80 60
  0.00163666     0.954174            0
   0.0605565     0.957447            0
   0.0540098   0.00163666            0
  0.00163666   0.00163666            0
  0.00155656     0.954174  0.000505756
   0.0575926     0.957447     0.018713
   0.0513664   0.00163666      0.01669
  0.00155656   0.00163666  0.000505756
  0.00132409     0.954174  0.000962005
   0.0489912     0.957447    0.0355942
   0.0436949   0.00163666    0.0317462
  0.00132409   0.00163666  0.000962005
 0.000962005     0.954174   0.00132409
   0.0355942     0.957447    0.0489912
   0.0317462   0.00163666    0.0436949
 0.000962005   0.00163666   0.00132409
 0.000505756     0.954174   0.00155656
    0.018713     0.957447    0.0575926
     0.01669   0.00163666    0.0513664
 0.000505756   0.00163666   0.00155656
-7.15407e-11     0.954174   0.00163666
-2.64701e-09     0.957447    0.0605565
-2.36084e-09   0.00163666    0.0540098
-7.15407e-11   0.00163666   0.00163666
-0.000505756     0.954174   0.00155656
   -0.018713     0.957447    0.0575926
    -0.01669   0.00163666    0.0513664
-0.000505756   0.00163666   0.00155656
-0.000962005     0.954174   0.00132409
  -0.0355942     0.957447    0.0489912
  -0.0317462   0.00163666    0.0436949
-0.000962005   0.00163666   0.00132409
 -0.00132409     0.954174  0.000962005
  -0.0489912     0.957447    0.0355942
  -0.0436949   0.00163666    0.0317462
 -0.00132409   0.00163666  0.000962005
 -0.00155656     0.954174  0.000505756
  -0.0575926     0.957447     0.018713
  -0.0513664   0.00163666    0.0166899
 -0.00155656   0.00163666  0.000505756
 -0.00163666     0.954174 -5.33292e-10
  -0.0605565     0.957447 -1.97318e-08
  -0.0540098   0.00163666 -1.75986e-08
 -0.00163666   0.00163666 -5.33292e-10
 -0.00155656     0.954174 -0.000505757
  -0.0575926     0.957447    -0.018713
  -0.0513664   0.00163666     -0.01669
 -0.00155656   0.00163666 -0.000505757
 -0.00132409     0.954174 -0.000962006
  -0.0489912     0.957447   -0.0355942
  -0.0436948   0.00163666   -0.0317462
 -0.00132409   0.00163666 -0.000962006
-0.000962004     0.954174  -0.00132409
  -0.0355942     0.957447   -0.0489912
  -0.0317461   0.00163666   -0.0436949
-0.000962004   0.00163666  -0.00132409
-0.000505755     0.954174  -0.00155656
  -0.0187129     0.957447   -0.0575926
  -0.0166899   0.00163666   -0.0513664
-0.000505755   0.00163666  -0.00155656
 1.58036e-09     0.954174  -0.00163666
 5.84733e-08     0.957447   -0.0605565
 5.21518e-08   0.00163666   -0.0540098
 1.58036e-09   0.00163666  -0.00163666
 0.000505758     0.954174  -0.00155656
    0.018713     0.957447   -0.0575926
     0.01669   0.00163666   -0.0513664
 0.000505758   0.00163666  -0.00155656
 0.000962007     0.954174  -0.00132409
   0.0355943     0.957447   -0.0489912
   0.0317462   0.00163666   -0.0436948
 0.000962007   0.00163666  -0.00132409
  0.00132409     0.954174 -0.000962004
   0.0489913     0.957447   -0.0355941
   0.0436949   0.00163666   -0.0317461
  0.00132409   0.00163666 -0.000962004
  0.00155656     0.954174 -0.000505754
   0.0575926     0.957447   -0.0187129
   0.0513664   0.00163666   -0.0166899
  0.00155656   0.00163666 -0.000505754
4	     1     2     6     5
4	     2     3     7     6
4	     3     4     8     7
4	     5     6    10     9
4	     6     7    11    10
4	     7     8    12    11
4	     9    10    14    13
4	    10    11    15    14
4	    11    12    16    15
4	    13    14    18    17
4	    14    15    19    18
4	    15    16    20    19
4	    17    18    22    21
4	    18    19    23    22
4	    19    20    24    23
4	    21    22    26    25
4	    22    23    27    26
4	    23    24    28    27
4	    25    26    30    29
4	    26    27    31    30
4	    27    28    32    31
4	    29    30    34    33
4	    30    31    35    34
4	    31    32    36    35
4	    33    34    38    37
4	    34    35    39    38
4	    35    36    40    39
4	    37    38    42    41
4	    38    39    43    42
4	    39    40    44    43
4	    41    42    46    45
4	    42    43    47    46
4	    43    44    48    47
4	    45    46    50    49
4	    46    47    51    50
4	    47    48    52    51
4	    49    50    54    53
4	    50    51    55    54
4	    51    52    56    55
4	    53    54    58    57
4	    54    55    59    58
4	    55    56    60    59
4	    57    58    62    61
4	    58    59    63    62
4	    59    60    64    63
4	    61    62    66    65
4	    62    63    67    66
4	    63    64    68    67
4	    65    66    70    69
4	    66    67    71    70
4	    67    68    72    71
4	    69    70    74    73
4	    70    71    75    74
4	    71    72    76    75
4	    73    74    78    77
4	    74    75    79    78
4	    75    76    80    79
4	    77    78     2     1
4	    78    79     3     2
4	    79    80     4     3

