data	1379	2750
1.6	0	0
1.56926	0.31214	0
1.47821	0.61229	0
1.33035	0.88891	0
1.13137	1.13137	0
0.88891	1.33035	0
0.61229	1.47821	0
0.31214	1.56926	0
0	1.6	0
-0.31214	1.56926	0
-0.61229	1.47821	0
-0.88891	1.33035	0
-1.13137	1.13137	0
-1.33035	0.88891	0
-1.47821	0.61229	0
-1.56926	0.31214	0
-1.6	0	0
-1.56926	-0.31214	0
-1.47821	-0.61229	0
-1.33035	-0.88891	0
-1.13137	-1.13137	0
-0.88891	-1.33035	0
-0.61229	-1.47821	0
-0.31214	-1.56926	0
0	-1.6	0
0.31214	-1.56926	0
0.61229	-1.47821	0
0.88891	-1.33035	0
1.13137	-1.13137	0
1.33035	-0.88891	0
1.47821	-0.61229	0
1.56926	-0.31214	0
1.6	0	0.21667
1.56926	0.31214	0.21667
1.47821	0.61229	0.21667
1.33035	0.88891	0.21667
1.13137	1.13137	0.21667
0.88891	1.33035	0.21667
0.61229	1.47821	0.21667
0.31214	1.56926	0.21667
0	1.6	0.21667
-0.31214	1.56926	0.21667
-0.61229	1.47821	0.21667
-0.88891	1.33035	0.21667
-1.13137	1.13137	0.21667
-1.33035	0.88891	0.21667
-1.47821	0.61229	0.21667
-1.56926	0.31214	0.21667
-1.6	0	0.21667
-1.56926	-0.31214	0.21667
-1.47821	-0.61229	0.21667
-1.33035	-0.88891	0.21667
-1.13137	-1.13137	0.21667
-0.88891	-1.33035	0.21667
-0.61229	-1.47821	0.21667
-0.31214	-1.56926	0.21667
0	-1.6	0.21667
0.31214	-1.56926	0.21667
0.61229	-1.47821	0.21667
0.88891	-1.33035	0.21667
1.13137	-1.13137	0.21667
1.33035	-0.88891	0.21667
1.47821	-0.61229	0.21667
1.56926	-0.31214	0.21667
1.6	0	0.43333
1.56926	0.31214	0.43333
1.47821	0.61229	0.43333
1.33035	0.88891	0.43333
1.13137	1.13137	0.43333
0.88891	1.33035	0.43333
0.61229	1.47821	0.43333
0.31214	1.56926	0.43333
0	1.6	0.43333
-0.31214	1.56926	0.43333
-0.61229	1.47821	0.43333
-0.88891	1.33035	0.43333
-1.13137	1.13137	0.43333
-1.33035	0.88891	0.43333
-1.47821	0.61229	0.43333
-1.56926	0.31214	0.43333
-1.6	0	0.43333
-1.56926	-0.31214	0.43333
-1.47821	-0.61229	0.43333
-1.33035	-0.88891	0.43333
-1.13137	-1.13137	0.43333
-0.88891	-1.33035	0.43333
-0.61229	-1.47821	0.43333
-0.31214	-1.56926	0.43333
0	-1.6	0.43333
0.31214	-1.56926	0.43333
0.61229	-1.47821	0.43333
0.88891	-1.33035	0.43333
1.13137	-1.13137	0.43333
1.33035	-0.88891	0.43333
1.47821	-0.61229	0.43333
1.56926	-0.31214	0.43333
1.6	0	0.65
1.56926	0.31214	0.65
1.47821	0.61229	0.65
1.33035	0.88891	0.65
1.13137	1.13137	0.65
0.88891	1.33035	0.65
0.61229	1.47821	0.65
0.31214	1.56926	0.65
0	1.6	0.65
-0.31214	1.56926	0.65
-0.61229	1.47821	0.65
-0.88891	1.33035	0.65
-1.13137	1.13137	0.65
-1.33035	0.88891	0.65
-1.47821	0.61229	0.65
-1.56926	0.31214	0.65
-1.6	0	0.65
-1.56926	-0.31214	0.65
-1.47821	-0.61229	0.65
-1.33035	-0.88891	0.65
-1.13137	-1.13137	0.65
-0.88891	-1.33035	0.65
-0.61229	-1.47821	0.65
-0.31214	-1.56926	0.65
0	-1.6	0.65
0.31214	-1.56926	0.65
0.61229	-1.47821	0.65
0.88891	-1.33035	0.65
1.13137	-1.13137	0.65
1.33035	-0.88891	0.65
1.47821	-0.61229	0.65
1.56926	-0.31214	0.65
1.6	0	0.86667
1.56926	0.31214	0.86667
1.47821	0.61229	0.86667
1.33035	0.88891	0.86667
1.13137	1.13137	0.86667
0.88891	1.33035	0.86667
0.61229	1.47821	0.86667
0.31214	1.56926	0.86667
0	1.6	0.86667
-0.31214	1.56926	0.86667
-0.61229	1.47821	0.86667
-0.88891	1.33035	0.86667
-1.13137	1.13137	0.86667
-1.33035	0.88891	0.86667
-1.47821	0.61229	0.86667
-1.56926	0.31214	0.86667
-1.6	0	0.86667
-1.56926	-0.31214	0.86667
-1.47821	-0.61229	0.86667
-1.33035	-0.88891	0.86667
-1.13137	-1.13137	0.86667
-0.88891	-1.33035	0.86667
-0.61229	-1.47821	0.86667
-0.31214	-1.56926	0.86667
0	-1.6	0.86667
0.31214	-1.56926	0.86667
0.61229	-1.47821	0.86667
0.88891	-1.33035	0.86667
1.13137	-1.13137	0.86667
1.33035	-0.88891	0.86667
1.47821	-0.61229	0.86667
1.56926	-0.31214	0.86667
1.48506	0	1.00482
1.45652	0.28972	1.00482
1.37201	0.56831	1.00482
1.23478	0.82505	1.00482
1.05009	1.05009	1.00482
0.82505	1.23478	1.00482
0.56831	1.37201	1.00482
0.28972	1.45652	1.00482
0	1.48506	1.00482
-0.28972	1.45652	1.00482
-0.56831	1.37201	1.00482
-0.82505	1.23478	1.00482
-1.05009	1.05009	1.00482
-1.23478	0.82505	1.00482
-1.37201	0.56831	1.00482
-1.45652	0.28972	1.00482
-1.48506	0	1.00482
-1.45652	-0.28972	1.00482
-1.37201	-0.56831	1.00482
-1.23478	-0.82505	1.00482
-1.05009	-1.05009	1.00482
-0.82505	-1.23478	1.00482
-0.56831	-1.37201	1.00482
-0.28972	-1.45652	1.00482
0	-1.48506	1.00482
0.28972	-1.45652	1.00482
0.56831	-1.37201	1.00482
0.82505	-1.23478	1.00482
1.05009	-1.05009	1.00482
1.23478	-0.82505	1.00482
1.37201	-0.56831	1.00482
1.45652	-0.28972	1.00482
0.91186	0	1.09848
0.89434	0.1779	1.09848
0.84245	0.34895	1.09848
0.75819	0.5066	1.09848
0.64478	0.64478	1.09848
0.5066	0.75819	1.09848
0.34895	0.84245	1.09848
0.1779	0.89434	1.09848
0	0.91186	1.09848
-0.1779	0.89434	1.09848
-0.34895	0.84245	1.09848
-0.5066	0.75819	1.09848
-0.64478	0.64478	1.09848
-0.75819	0.5066	1.09848
-0.84245	0.34895	1.09848
-0.89434	0.1779	1.09848
-0.91186	0	1.09848
-0.89434	-0.1779	1.09848
-0.84245	-0.34895	1.09848
-0.75819	-0.5066	1.09848
-0.64478	-0.64478	1.09848
-0.5066	-0.75819	1.09848
-0.34895	-0.84245	1.09848
-0.1779	-0.89434	1.09848
0	-0.91186	1.09848
0.1779	-0.89434	1.09848
0.34895	-0.84245	1.09848
0.5066	-0.75819	1.09848
0.64478	-0.64478	1.09848
0.75819	-0.5066	1.09848
0.84245	-0.34895	1.09848
0.89434	-0.1779	1.09848
0.71207	0	2.08124
0.69839	0.13892	2.08124
0.65787	0.2725	2.08124
0.59207	0.39561	2.08124
0.50351	0.50351	2.08124
0.39561	0.59207	2.08124
0.2725	0.65787	2.08124
0.13892	0.69839	2.08124
0	0.71207	2.08124
-0.13892	0.69839	2.08124
-0.2725	0.65787	2.08124
-0.39561	0.59207	2.08124
-0.50351	0.50351	2.08124
-0.59207	0.39561	2.08124
-0.65787	0.2725	2.08124
-0.69839	0.13892	2.08124
-0.71207	0	2.08124
-0.69839	-0.13892	2.08124
-0.65787	-0.2725	2.08124
-0.59207	-0.39561	2.08124
-0.50351	-0.50351	2.08124
-0.39561	-0.59207	2.08124
-0.2725	-0.65787	2.08124
-0.13892	-0.69839	2.08124
0	-0.71207	2.08124
0.13892	-0.69839	2.08124
0.2725	-0.65787	2.08124
0.39561	-0.59207	2.08124
0.50351	-0.50351	2.08124
0.59207	-0.39561	2.08124
0.65787	-0.2725	2.08124
0.69839	-0.13892	2.08124
0.71207	0	2.17766
0.69839	0.13892	2.17766
0.65787	0.2725	2.17766
0.59207	0.39561	2.17766
0.50351	0.50351	2.17766
0.39561	0.59207	2.17766
0.2725	0.65787	2.17766
0.13892	0.69839	2.17766
0	0.71207	2.17766
-0.13892	0.69839	2.17766
-0.2725	0.65787	2.17766
-0.39561	0.59207	2.17766
-0.50351	0.50351	2.17766
-0.59207	0.39561	2.17766
-0.65787	0.2725	2.17766
-0.69839	0.13892	2.17766
-0.71207	0	2.17766
-0.69839	-0.13892	2.17766
-0.65787	-0.2725	2.17766
-0.59207	-0.39561	2.17766
-0.50351	-0.50351	2.17766
-0.39561	-0.59207	2.17766
-0.2725	-0.65787	2.17766
-0.13892	-0.69839	2.17766
0	-0.71207	2.17766
0.13892	-0.69839	2.17766
0.2725	-0.65787	2.17766
0.39561	-0.59207	2.17766
0.50351	-0.50351	2.17766
0.59207	-0.39561	2.17766
0.65787	-0.2725	2.17766
0.69839	-0.13892	2.17766
0.71207	0	2.27409
0.69839	0.13892	2.27409
0.65787	0.2725	2.27409
0.59207	0.39561	2.27409
0.50351	0.50351	2.27409
0.39561	0.59207	2.27409
0.2725	0.65787	2.27409
0.13892	0.69839	2.27409
0	0.71207	2.27409
-0.13892	0.69839	2.27409
-0.2725	0.65787	2.27409
-0.39561	0.59207	2.27409
-0.50351	0.50351	2.27409
-0.59207	0.39561	2.27409
-0.65787	0.2725	2.27409
-0.69839	0.13892	2.27409
-0.71207	0	2.27409
-0.69839	-0.13892	2.27409
-0.65787	-0.2725	2.27409
-0.59207	-0.39561	2.27409
-0.50351	-0.50351	2.27409
-0.39561	-0.59207	2.27409
-0.2725	-0.65787	2.27409
-0.13892	-0.69839	2.27409
0	-0.71207	2.27409
0.13892	-0.69839	2.27409
0.2725	-0.65787	2.27409
0.39561	-0.59207	2.27409
0.50351	-0.50351	2.27409
0.59207	-0.39561	2.27409
0.65787	-0.2725	2.27409
0.69839	-0.13892	2.27409
0.71207	0	2.37052
0.69839	0.13892	2.37052
0.65787	0.2725	2.37052
0.59207	0.39561	2.37052
0.50351	0.50351	2.37052
0.39561	0.59207	2.37052
0.2725	0.65787	2.37052
0.13892	0.69839	2.37052
0	0.71207	2.37052
-0.13892	0.69839	2.37052
-0.2725	0.65787	2.37052
-0.39561	0.59207	2.37052
-0.50351	0.50351	2.37052
-0.59207	0.39561	2.37052
-0.65787	0.2725	2.37052
-0.69839	0.13892	2.37052
-0.71207	0	2.37052
-0.69839	-0.13892	2.37052
-0.65787	-0.2725	2.37052
-0.59207	-0.39561	2.37052
-0.50351	-0.50351	2.37052
-0.39561	-0.59207	2.37052
-0.2725	-0.65787	2.37052
-0.13892	-0.69839	2.37052
0	-0.71207	2.37052
0.13892	-0.69839	2.37052
0.2725	-0.65787	2.37052
0.39561	-0.59207	2.37052
0.50351	-0.50351	2.37052
0.59207	-0.39561	2.37052
0.65787	-0.2725	2.37052
0.69839	-0.13892	2.37052
0.71207	0	2.46694
0.69839	0.13892	2.46694
0.65787	0.2725	2.46694
0.59207	0.39561	2.46694
0.50351	0.50351	2.46694
0.39561	0.59207	2.46694
0.2725	0.65787	2.46694
0.13892	0.69839	2.46694
0	0.71207	2.46694
-0.13892	0.69839	2.46694
-0.2725	0.65787	2.46694
-0.39561	0.59207	2.46694
-0.50351	0.50351	2.46694
-0.59207	0.39561	2.46694
-0.65787	0.2725	2.46694
-0.69839	0.13892	2.46694
-0.71207	0	2.46694
-0.69839	-0.13892	2.46694
-0.65787	-0.2725	2.46694
-0.59207	-0.39561	2.46694
-0.50351	-0.50351	2.46694
-0.39561	-0.59207	2.46694
-0.2725	-0.65787	2.46694
-0.13892	-0.69839	2.46694
0	-0.71207	2.46694
0.13892	-0.69839	2.46694
0.2725	-0.65787	2.46694
0.39561	-0.59207	2.46694
0.50351	-0.50351	2.46694
0.59207	-0.39561	2.46694
0.65787	-0.2725	2.46694
0.69839	-0.13892	2.46694
0.71207	0	2.56337
0.69839	0.13892	2.56337
0.65787	0.2725	2.56337
0.59207	0.39561	2.56337
0.50351	0.50351	2.56337
0.39561	0.59207	2.56337
0.2725	0.65787	2.56337
0.13892	0.69839	2.56337
0	0.71207	2.56337
-0.13892	0.69839	2.56337
-0.2725	0.65787	2.56337
-0.39561	0.59207	2.56337
-0.50351	0.50351	2.56337
-0.59207	0.39561	2.56337
-0.65787	0.2725	2.56337
-0.69839	0.13892	2.56337
-0.71207	0	2.56337
-0.69839	-0.13892	2.56337
-0.65787	-0.2725	2.56337
-0.59207	-0.39561	2.56337
-0.50351	-0.50351	2.56337
-0.39561	-0.59207	2.56337
-0.2725	-0.65787	2.56337
-0.13892	-0.69839	2.56337
0	-0.71207	2.56337
0.13892	-0.69839	2.56337
0.2725	-0.65787	2.56337
0.39561	-0.59207	2.56337
0.50351	-0.50351	2.56337
0.59207	-0.39561	2.56337
0.65787	-0.2725	2.56337
0.69839	-0.13892	2.56337
0.71207	0	2.6598
0.69839	0.13892	2.6598
0.65787	0.2725	2.6598
0.59207	0.39561	2.6598
0.50351	0.50351	2.6598
0.39561	0.59207	2.6598
0.2725	0.65787	2.6598
0.13892	0.69839	2.6598
0	0.71207	2.6598
-0.13892	0.69839	2.6598
-0.2725	0.65787	2.6598
-0.39561	0.59207	2.6598
-0.50351	0.50351	2.6598
-0.59207	0.39561	2.6598
-0.65787	0.2725	2.6598
-0.69839	0.13892	2.6598
-0.71207	0	2.6598
-0.69839	-0.13892	2.6598
-0.65787	-0.2725	2.6598
-0.59207	-0.39561	2.6598
-0.50351	-0.50351	2.6598
-0.39561	-0.59207	2.6598
-0.2725	-0.65787	2.6598
-0.13892	-0.69839	2.6598
0	-0.71207	2.6598
0.13892	-0.69839	2.6598
0.2725	-0.65787	2.6598
0.39561	-0.59207	2.6598
0.50351	-0.50351	2.6598
0.59207	-0.39561	2.6598
0.65787	-0.2725	2.6598
0.69839	-0.13892	2.6598
0.71207	0	2.75622
0.69839	0.13892	2.75622
0.65787	0.2725	2.75622
0.59207	0.39561	2.75622
0.50351	0.50351	2.75622
0.39561	0.59207	2.75622
0.2725	0.65787	2.75622
0.13892	0.69839	2.75622
0	0.71207	2.75622
-0.13892	0.69839	2.75622
-0.2725	0.65787	2.75622
-0.39561	0.59207	2.75622
-0.50351	0.50351	2.75622
-0.59207	0.39561	2.75622
-0.65787	0.2725	2.75622
-0.69839	0.13892	2.75622
-0.71207	0	2.75622
-0.69839	-0.13892	2.75622
-0.65787	-0.2725	2.75622
-0.59207	-0.39561	2.75622
-0.50351	-0.50351	2.75622
-0.39561	-0.59207	2.75622
-0.2725	-0.65787	2.75622
-0.13892	-0.69839	2.75622
0	-0.71207	2.75622
0.13892	-0.69839	2.75622
0.2725	-0.65787	2.75622
0.39561	-0.59207	2.75622
0.50351	-0.50351	2.75622
0.59207	-0.39561	2.75622
0.65787	-0.2725	2.75622
0.69839	-0.13892	2.75622
0.71207	0	2.85265
0.69839	0.13892	2.85265
0.65787	0.2725	2.85265
0.59207	0.39561	2.85265
0.50351	0.50351	2.85265
0.39561	0.59207	2.85265
0.2725	0.65787	2.85265
0.13892	0.69839	2.85265
0	0.71207	2.85265
-0.13892	0.69839	2.85265
-0.2725	0.65787	2.85265
-0.39561	0.59207	2.85265
-0.50351	0.50351	2.85265
-0.59207	0.39561	2.85265
-0.65787	0.2725	2.85265
-0.69839	0.13892	2.85265
-0.71207	0	2.85265
-0.69839	-0.13892	2.85265
-0.65787	-0.2725	2.85265
-0.59207	-0.39561	2.85265
-0.50351	-0.50351	2.85265
-0.39561	-0.59207	2.85265
-0.2725	-0.65787	2.85265
-0.13892	-0.69839	2.85265
0	-0.71207	2.85265
0.13892	-0.69839	2.85265
0.2725	-0.65787	2.85265
0.39561	-0.59207	2.85265
0.50351	-0.50351	2.85265
0.59207	-0.39561	2.85265
0.65787	-0.2725	2.85265
0.69839	-0.13892	2.85265
0.71207	0	2.94908
0.69839	0.13892	2.94908
0.65787	0.2725	2.94908
0.59207	0.39561	2.94908
0.50351	0.50351	2.94908
0.39561	0.59207	2.94908
0.2725	0.65787	2.94908
0.13892	0.69839	2.94908
0	0.71207	2.94908
-0.13892	0.69839	2.94908
-0.2725	0.65787	2.94908
-0.39561	0.59207	2.94908
-0.50351	0.50351	2.94908
-0.59207	0.39561	2.94908
-0.65787	0.2725	2.94908
-0.69839	0.13892	2.94908
-0.71207	0	2.94908
-0.69839	-0.13892	2.94908
-0.65787	-0.2725	2.94908
-0.59207	-0.39561	2.94908
-0.50351	-0.50351	2.94908
-0.39561	-0.59207	2.94908
-0.2725	-0.65787	2.94908
-0.13892	-0.69839	2.94908
0	-0.71207	2.94908
0.13892	-0.69839	2.94908
0.2725	-0.65787	2.94908
0.39561	-0.59207	2.94908
0.50351	-0.50351	2.94908
0.59207	-0.39561	2.94908
0.65787	-0.2725	2.94908
0.69839	-0.13892	2.94908
0.71207	0	3.0455
0.69839	0.13892	3.0455
0.65787	0.2725	3.0455
0.59207	0.39561	3.0455
0.50351	0.50351	3.0455
0.39561	0.59207	3.0455
0.2725	0.65787	3.0455
0.13892	0.69839	3.0455
0	0.71207	3.0455
-0.13892	0.69839	3.0455
-0.2725	0.65787	3.0455
-0.39561	0.59207	3.0455
-0.50351	0.50351	3.0455
-0.59207	0.39561	3.0455
-0.65787	0.2725	3.0455
-0.69839	0.13892	3.0455
-0.71207	0	3.0455
-0.69839	-0.13892	3.0455
-0.65787	-0.2725	3.0455
-0.59207	-0.39561	3.0455
-0.50351	-0.50351	3.0455
-0.39561	-0.59207	3.0455
-0.2725	-0.65787	3.0455
-0.13892	-0.69839	3.0455
0	-0.71207	3.0455
0.13892	-0.69839	3.0455
0.2725	-0.65787	3.0455
0.39561	-0.59207	3.0455
0.50351	-0.50351	3.0455
0.59207	-0.39561	3.0455
0.65787	-0.2725	3.0455
0.69839	-0.13892	3.0455
0.71207	0	3.14193
0.69839	0.13892	3.14193
0.65787	0.2725	3.14193
0.59207	0.39561	3.14193
0.50351	0.50351	3.14193
0.39561	0.59207	3.14193
0.2725	0.65787	3.14193
0.13892	0.69839	3.14193
0	0.71207	3.14193
-0.13892	0.69839	3.14193
-0.2725	0.65787	3.14193
-0.39561	0.59207	3.14193
-0.50351	0.50351	3.14193
-0.59207	0.39561	3.14193
-0.65787	0.2725	3.14193
-0.69839	0.13892	3.14193
-0.71207	0	3.14193
-0.69839	-0.13892	3.14193
-0.65787	-0.2725	3.14193
-0.59207	-0.39561	3.14193
-0.50351	-0.50351	3.14193
-0.39561	-0.59207	3.14193
-0.2725	-0.65787	3.14193
-0.13892	-0.69839	3.14193
0	-0.71207	3.14193
0.13892	-0.69839	3.14193
0.2725	-0.65787	3.14193
0.39561	-0.59207	3.14193
0.50351	-0.50351	3.14193
0.59207	-0.39561	3.14193
0.65787	-0.2725	3.14193
0.69839	-0.13892	3.14193
0.71207	0	3.23836
0.69839	0.13892	3.23836
0.65787	0.2725	3.23836
0.59207	0.39561	3.23836
0.50351	0.50351	3.23836
0.39561	0.59207	3.23836
0.2725	0.65787	3.23836
0.13892	0.69839	3.23836
0	0.71207	3.23836
-0.13892	0.69839	3.23836
-0.2725	0.65787	3.23836
-0.39561	0.59207	3.23836
-0.50351	0.50351	3.23836
-0.59207	0.39561	3.23836
-0.65787	0.2725	3.23836
-0.69839	0.13892	3.23836
-0.71207	0	3.23836
-0.69839	-0.13892	3.23836
-0.65787	-0.2725	3.23836
-0.59207	-0.39561	3.23836
-0.50351	-0.50351	3.23836
-0.39561	-0.59207	3.23836
-0.2725	-0.65787	3.23836
-0.13892	-0.69839	3.23836
0	-0.71207	3.23836
0.13892	-0.69839	3.23836
0.2725	-0.65787	3.23836
0.39561	-0.59207	3.23836
0.50351	-0.50351	3.23836
0.59207	-0.39561	3.23836
0.65787	-0.2725	3.23836
0.69839	-0.13892	3.23836
0.71207	0	5.35664
0.69839	0.13892	5.35664
0.65787	0.2725	5.35664
0.59207	0.39561	5.35664
0.50351	0.50351	5.35664
0.39561	0.59207	5.35664
0.2725	0.65787	5.35664
0.13892	0.69839	5.35664
0	0.71207	5.35664
-0.13892	0.69839	5.35664
-0.2725	0.65787	5.35664
-0.39561	0.59207	5.35664
-0.50351	0.50351	5.35664
-0.59207	0.39561	5.35664
-0.65787	0.2725	5.35664
-0.69839	0.13892	5.35664
-0.71207	0	5.35664
-0.69839	-0.13892	5.35664
-0.65787	-0.2725	5.35664
-0.59207	-0.39561	5.35664
-0.50351	-0.50351	5.35664
-0.39561	-0.59207	5.35664
-0.2725	-0.65787	5.35664
-0.13892	-0.69839	5.35664
0	-0.71207	5.35664
0.13892	-0.69839	5.35664
0.2725	-0.65787	5.35664
0.39561	-0.59207	5.35664
0.50351	-0.50351	5.35664
0.59207	-0.39561	5.35664
0.65787	-0.2725	5.35664
0.69839	-0.13892	5.35664
0.71207	0	5.45307
0.69839	0.13892	5.45307
0.65787	0.2725	5.45307
0.59207	0.39561	5.45307
0.50351	0.50351	5.45307
0.39561	0.59207	5.45307
0.2725	0.65787	5.45307
0.13892	0.69839	5.45307
0	0.71207	5.45307
-0.13892	0.69839	5.45307
-0.2725	0.65787	5.45307
-0.39561	0.59207	5.45307
-0.50351	0.50351	5.45307
-0.59207	0.39561	5.45307
-0.65787	0.2725	5.45307
-0.69839	0.13892	5.45307
-0.71207	0	5.45307
-0.69839	-0.13892	5.45307
-0.65787	-0.2725	5.45307
-0.59207	-0.39561	5.45307
-0.50351	-0.50351	5.45307
-0.39561	-0.59207	5.45307
-0.2725	-0.65787	5.45307
-0.13892	-0.69839	5.45307
0	-0.71207	5.45307
0.13892	-0.69839	5.45307
0.2725	-0.65787	5.45307
0.39561	-0.59207	5.45307
0.50351	-0.50351	5.45307
0.59207	-0.39561	5.45307
0.65787	-0.2725	5.45307
0.69839	-0.13892	5.45307
0.71207	0	5.54949
0.69839	0.13892	5.54949
0.65787	0.2725	5.54949
0.59207	0.39561	5.54949
0.50351	0.50351	5.54949
0.39561	0.59207	5.54949
0.2725	0.65787	5.54949
0.13892	0.69839	5.54949
0	0.71207	5.54949
-0.13892	0.69839	5.54949
-0.2725	0.65787	5.54949
-0.39561	0.59207	5.54949
-0.50351	0.50351	5.54949
-0.59207	0.39561	5.54949
-0.65787	0.2725	5.54949
-0.69839	0.13892	5.54949
-0.71207	0	5.54949
-0.69839	-0.13892	5.54949
-0.65787	-0.2725	5.54949
-0.59207	-0.39561	5.54949
-0.50351	-0.50351	5.54949
-0.39561	-0.59207	5.54949
-0.2725	-0.65787	5.54949
-0.13892	-0.69839	5.54949
0	-0.71207	5.54949
0.13892	-0.69839	5.54949
0.2725	-0.65787	5.54949
0.39561	-0.59207	5.54949
0.50351	-0.50351	5.54949
0.59207	-0.39561	5.54949
0.65787	-0.2725	5.54949
0.69839	-0.13892	5.54949
0.71207	0	5.64592
0.69839	0.13892	5.64592
0.65787	0.2725	5.64592
0.59207	0.39561	5.64592
0.50351	0.50351	5.64592
0.39561	0.59207	5.64592
0.2725	0.65787	5.64592
0.13892	0.69839	5.64592
0	0.71207	5.64592
-0.13892	0.69839	5.64592
-0.2725	0.65787	5.64592
-0.39561	0.59207	5.64592
-0.50351	0.50351	5.64592
-0.59207	0.39561	5.64592
-0.65787	0.2725	5.64592
-0.69839	0.13892	5.64592
-0.71207	0	5.64592
-0.69839	-0.13892	5.64592
-0.65787	-0.2725	5.64592
-0.59207	-0.39561	5.64592
-0.50351	-0.50351	5.64592
-0.39561	-0.59207	5.64592
-0.2725	-0.65787	5.64592
-0.13892	-0.69839	5.64592
0	-0.71207	5.64592
0.13892	-0.69839	5.64592
0.2725	-0.65787	5.64592
0.39561	-0.59207	5.64592
0.50351	-0.50351	5.64592
0.59207	-0.39561	5.64592
0.65787	-0.2725	5.64592
0.69839	-0.13892	5.64592
0.71207	0	5.74235
0.69839	0.13892	5.74235
0.65787	0.2725	5.74235
0.59207	0.39561	5.74235
0.50351	0.50351	5.74235
0.39561	0.59207	5.74235
0.2725	0.65787	5.74235
0.13892	0.69839	5.74235
0	0.71207	5.74235
-0.13892	0.69839	5.74235
-0.2725	0.65787	5.74235
-0.39561	0.59207	5.74235
-0.50351	0.50351	5.74235
-0.59207	0.39561	5.74235
-0.65787	0.2725	5.74235
-0.69839	0.13892	5.74235
-0.71207	0	5.74235
-0.69839	-0.13892	5.74235
-0.65787	-0.2725	5.74235
-0.59207	-0.39561	5.74235
-0.50351	-0.50351	5.74235
-0.39561	-0.59207	5.74235
-0.2725	-0.65787	5.74235
-0.13892	-0.69839	5.74235
0	-0.71207	5.74235
0.13892	-0.69839	5.74235
0.2725	-0.65787	5.74235
0.39561	-0.59207	5.74235
0.50351	-0.50351	5.74235
0.59207	-0.39561	5.74235
0.65787	-0.2725	5.74235
0.69839	-0.13892	5.74235
1.00142	0	6.42891
0.98218	0.19537	6.42891
0.92519	0.38323	6.42891
0.83265	0.55636	6.42891
0.70811	0.70811	6.42891
0.55636	0.83265	6.42891
0.38323	0.92519	6.42891
0.19537	0.98218	6.42891
0	1.00142	6.42891
-0.19537	0.98218	6.42891
-0.38323	0.92519	6.42891
-0.55636	0.83265	6.42891
-0.70811	0.70811	6.42891
-0.83265	0.55636	6.42891
-0.92519	0.38323	6.42891
-0.98218	0.19537	6.42891
-1.00142	0	6.42891
-0.98218	-0.19537	6.42891
-0.92519	-0.38323	6.42891
-0.83265	-0.55636	6.42891
-0.70811	-0.70811	6.42891
-0.55636	-0.83265	6.42891
-0.38323	-0.9252	6.42891
-0.19537	-0.98218	6.42891
0	-1.00142	6.42891
0.19537	-0.98218	6.42891
0.38323	-0.9252	6.42891
0.55636	-0.83265	6.42891
0.70811	-0.70811	6.42891
0.83265	-0.55636	6.42891
0.92519	-0.38323	6.42891
0.98218	-0.19537	6.42891
0.85711	0	6.8458
1.05609	0.24041	6.8458
0.79186	0.37538	6.8458
0.89531	0.68464	6.8458
0.60607	0.69362	6.8458
0.59822	1.02464	6.8458
0.328	0.90625	6.8458
0.21007	1.20865	6.8458
0	0.98092	6.8458
-0.21007	1.20865	6.8458
-0.328	0.90625	6.8458
-0.59823	1.02464	6.8458
-0.60607	0.69362	6.8458
-0.89531	0.68464	6.8458
-0.79186	0.37538	6.8458
-1.05609	0.24041	6.8458
-0.85711	0	6.8458
-1.05609	-0.24041	6.8458
-0.79186	-0.37538	6.8458
-0.89531	-0.68464	6.8458
-0.60607	-0.69362	6.8458
-0.59822	-1.02464	6.8458
-0.328	-0.90625	6.8458
-0.21007	-1.20865	6.8458
0	-0.98092	6.8458
0.21007	-1.20864	6.8458
0.328	-0.90625	6.8458
0.59823	-1.02464	6.8458
0.60607	-0.69362	6.8458
0.89531	-0.68464	6.8458
0.79186	-0.37538	6.8458
1.05609	-0.24041	6.8458
0.64538	0	6.68216
0.63298	0.12591	6.68216
0.59625	0.24698	6.68216
0.53662	0.35855	6.68216
0.45635	0.45635	6.68216
0.35855	0.53662	6.68216
0.24698	0.59625	6.68216
0.12591	0.63298	6.68216
0	0.64538	6.68216
-0.12591	0.63298	6.68216
-0.24698	0.59625	6.68216
-0.35855	0.53662	6.68216
-0.45635	0.45635	6.68216
-0.53662	0.35855	6.68216
-0.59625	0.24698	6.68216
-0.63298	0.12591	6.68216
-0.64538	0	6.68216
-0.63298	-0.12591	6.68216
-0.59625	-0.24698	6.68216
-0.53662	-0.35855	6.68216
-0.45635	-0.45635	6.68216
-0.35855	-0.53662	6.68216
-0.24698	-0.59625	6.68216
-0.12591	-0.63298	6.68216
0	-0.64538	6.68216
0.12591	-0.63298	6.68216
0.24698	-0.59625	6.68216
0.35855	-0.53662	6.68216
0.45635	-0.45635	6.68216
0.53662	-0.35855	6.68216
0.59625	-0.24698	6.68216
0.63298	-0.12591	6.68216
0	0	7.03093
0	0	6.90837
-0.02439	0	6.91077
-0.02392	0.00476	6.91077
-0.02253	0.00933	6.91077
-0.02028	0.01355	6.91077
-0.01724	0.01724	6.91077
-0.01355	0.02028	6.91077
-0.00933	0.02253	6.91077
-0.00476	0.02392	6.91077
0	0.02439	6.91077
0.00476	0.02392	6.91077
0.00933	0.02253	6.91077
0.01355	0.02028	6.91077
0.01724	0.01724	6.91077
0.02028	0.01355	6.91077
0.02253	0.00933	6.91077
0.02392	0.00476	6.91077
0.02439	0	6.91077
0.02392	-0.00476	6.91077
0.02253	-0.00933	6.91077
0.02028	-0.01355	6.91077
0.01724	-0.01724	6.91077
0.01355	-0.02028	6.91077
0.00933	-0.02253	6.91077
0.00476	-0.02392	6.91077
0	-0.02439	6.91077
-0.00476	-0.02392	6.91077
-0.00933	-0.02253	6.91077
-0.01355	-0.02028	6.91077
-0.01724	-0.01724	6.91077
-0.02028	-0.01355	6.91077
-0.02253	-0.00933	6.91077
-0.02392	-0.00476	6.91077
-0.04784	0	6.91789
-0.04692	0.00933	6.91789
-0.04419	0.01831	6.91789
-0.03977	0.02658	6.91789
-0.03382	0.03382	6.91789
-0.02658	0.03977	6.91789
-0.01831	0.04419	6.91789
-0.00933	0.04692	6.91789
0	0.04784	6.91789
0.00933	0.04692	6.91789
0.01831	0.04419	6.91789
0.02658	0.03977	6.91789
0.03382	0.03382	6.91789
0.03977	0.02658	6.91789
0.04419	0.01831	6.91789
0.04692	0.00933	6.91789
0.04784	0	6.91789
0.04692	-0.00933	6.91789
0.04419	-0.01831	6.91789
0.03977	-0.02658	6.91789
0.03382	-0.03383	6.91789
0.02658	-0.03977	6.91789
0.01831	-0.04419	6.91789
0.00933	-0.04692	6.91789
0	-0.04784	6.91789
-0.00933	-0.04692	6.91789
-0.01831	-0.04419	6.91789
-0.02658	-0.03977	6.91789
-0.03382	-0.03383	6.91789
-0.03977	-0.02658	6.91789
-0.04419	-0.01831	6.91789
-0.04692	-0.00933	6.91789
-0.06945	0	6.92944
-0.06811	0.01355	6.92944
-0.06416	0.02658	6.92944
-0.05774	0.03858	6.92944
-0.04911	0.04911	6.92944
-0.03858	0.05774	6.92944
-0.02658	0.06416	6.92944
-0.01355	0.06811	6.92944
0	0.06945	6.92944
0.01355	0.06811	6.92944
0.02658	0.06416	6.92944
0.03858	0.05774	6.92944
0.04911	0.04911	6.92944
0.05774	0.03858	6.92944
0.06416	0.02658	6.92944
0.06811	0.01355	6.92944
0.06945	0	6.92944
0.06811	-0.01355	6.92944
0.06416	-0.02658	6.92944
0.05774	-0.03858	6.92944
0.04911	-0.04911	6.92944
0.03858	-0.05774	6.92944
0.02658	-0.06416	6.92944
0.01355	-0.06811	6.92944
0	-0.06945	6.92944
-0.01355	-0.06811	6.92944
-0.02658	-0.06416	6.92944
-0.03858	-0.05774	6.92944
-0.04911	-0.04911	6.92944
-0.05774	-0.03858	6.92944
-0.06416	-0.02658	6.92944
-0.06811	-0.01355	6.92944
-0.08839	0	6.94498
-0.08669	0.01724	6.94498
-0.08166	0.03382	6.94498
-0.07349	0.04911	6.94498
-0.0625	0.0625	6.94498
-0.04911	0.07349	6.94498
-0.03382	0.08166	6.94498
-0.01724	0.08669	6.94498
0	0.08839	6.94498
0.01724	0.08669	6.94498
0.03382	0.08166	6.94498
0.04911	0.07349	6.94498
0.0625	0.0625	6.94498
0.07349	0.04911	6.94498
0.08166	0.03382	6.94498
0.08669	0.01724	6.94498
0.08839	0	6.94498
0.08669	-0.01724	6.94498
0.08166	-0.03383	6.94498
0.07349	-0.04911	6.94498
0.0625	-0.0625	6.94498
0.04911	-0.07349	6.94498
0.03382	-0.08166	6.94498
0.01724	-0.08669	6.94498
0	-0.08839	6.94498
-0.01724	-0.08669	6.94498
-0.03382	-0.08166	6.94498
-0.04911	-0.07349	6.94498
-0.0625	-0.0625	6.94498
-0.07349	-0.04911	6.94498
-0.08166	-0.03383	6.94498
-0.08669	-0.01724	6.94498
-0.10393	0	6.96392
-0.10194	0.02028	6.96392
-0.09602	0.03977	6.96392
-0.08642	0.05774	6.96392
-0.07349	0.07349	6.96392
-0.05774	0.08642	6.96392
-0.03977	0.09602	6.96392
-0.02028	0.10194	6.96392
0	0.10393	6.96392
0.02028	0.10194	6.96392
0.03977	0.09602	6.96392
0.05774	0.08642	6.96392
0.07349	0.07349	6.96392
0.08642	0.05774	6.96392
0.09602	0.03977	6.96392
0.10194	0.02028	6.96392
0.10393	0	6.96392
0.10194	-0.02028	6.96392
0.09602	-0.03977	6.96392
0.08642	-0.05774	6.96392
0.07349	-0.07349	6.96392
0.05774	-0.08642	6.96392
0.03977	-0.09602	6.96392
0.02028	-0.10194	6.96392
0	-0.10393	6.96392
-0.02028	-0.10194	6.96392
-0.03977	-0.09602	6.96392
-0.05774	-0.08642	6.96392
-0.07349	-0.07349	6.96392
-0.08642	-0.05774	6.96392
-0.09602	-0.03977	6.96392
-0.10194	-0.02028	6.96392
-0.11548	0	6.98553
-0.11327	0.02253	6.98553
-0.10669	0.04419	6.98553
-0.09602	0.06416	6.98553
-0.08166	0.08166	6.98553
-0.06416	0.09602	6.98553
-0.04419	0.10669	6.98553
-0.02253	0.11327	6.98553
0	0.11548	6.98553
0.02253	0.11327	6.98553
0.04419	0.10669	6.98553
0.06416	0.09602	6.98553
0.08166	0.08166	6.98553
0.09602	0.06416	6.98553
0.10669	0.04419	6.98553
0.11327	0.02253	6.98553
0.11548	0	6.98553
0.11327	-0.02253	6.98553
0.10669	-0.04419	6.98553
0.09602	-0.06416	6.98553
0.08166	-0.08166	6.98553
0.06416	-0.09602	6.98553
0.04419	-0.10669	6.98553
0.02253	-0.11327	6.98553
0	-0.11549	6.98553
-0.02253	-0.11327	6.98553
-0.04419	-0.10669	6.98553
-0.06416	-0.09602	6.98553
-0.08166	-0.08166	6.98553
-0.09602	-0.06416	6.98553
-0.10669	-0.04419	6.98553
-0.11327	-0.02253	6.98553
-0.1226	0	7.00898
-0.12024	0.02392	7.00898
-0.11327	0.04692	7.00898
-0.10194	0.06811	7.00898
-0.08669	0.08669	7.00898
-0.06811	0.10194	7.00898
-0.04692	0.11327	7.00898
-0.02392	0.12024	7.00898
0	0.1226	7.00898
0.02392	0.12024	7.00898
0.04692	0.11327	7.00898
0.06811	0.10194	7.00898
0.08669	0.08669	7.00898
0.10194	0.06811	7.00898
0.11327	0.04692	7.00898
0.12024	0.02392	7.00898
0.1226	0	7.00898
0.12024	-0.02392	7.00898
0.11327	-0.04692	7.00898
0.10194	-0.06811	7.00898
0.08669	-0.08669	7.00898
0.06811	-0.10194	7.00898
0.04692	-0.11327	7.00898
0.02392	-0.12024	7.00898
0	-0.1226	7.00898
-0.02392	-0.12024	7.00898
-0.04692	-0.11327	7.00898
-0.06811	-0.10194	7.00898
-0.08669	-0.08669	7.00898
-0.10194	-0.06811	7.00898
-0.11327	-0.04692	7.00898
-0.12024	-0.02392	7.00898
-0.125	0	7.03337
-0.1226	0.02439	7.03337
-0.11548	0.04784	7.03337
-0.10393	0.06945	7.03337
-0.08839	0.08839	7.03337
-0.06945	0.10393	7.03337
-0.04784	0.11548	7.03337
-0.02439	0.1226	7.03337
0	0.125	7.03337
0.02439	0.1226	7.03337
0.04784	0.11548	7.03337
0.06945	0.10393	7.03337
0.08839	0.08839	7.03337
0.10393	0.06945	7.03337
0.11548	0.04784	7.03337
0.1226	0.02439	7.03337
0.125	0	7.03337
0.1226	-0.02439	7.03337
0.11548	-0.04784	7.03337
0.10393	-0.06945	7.03337
0.08839	-0.08839	7.03337
0.06945	-0.10393	7.03337
0.04784	-0.11549	7.03337
0.02439	-0.1226	7.03337
0	-0.125	7.03337
-0.02439	-0.1226	7.03337
-0.04784	-0.11549	7.03337
-0.06945	-0.10393	7.03337
-0.08839	-0.08839	7.03337
-0.10393	-0.06945	7.03337
-0.11548	-0.04784	7.03337
-0.1226	-0.02439	7.03337
-0.1226	0	7.05776
-0.12024	0.02392	7.05776
-0.11327	0.04692	7.05776
-0.10194	0.06811	7.05776
-0.08669	0.08669	7.05776
-0.06811	0.10194	7.05776
-0.04692	0.11327	7.05776
-0.02392	0.12024	7.05776
0	0.1226	7.05776
0.02392	0.12024	7.05776
0.04692	0.11327	7.05776
0.06811	0.10194	7.05776
0.08669	0.08669	7.05776
0.10194	0.06811	7.05776
0.11327	0.04692	7.05776
0.12024	0.02392	7.05776
0.1226	0	7.05776
0.12024	-0.02392	7.05776
0.11327	-0.04692	7.05776
0.10194	-0.06811	7.05776
0.08669	-0.08669	7.05776
0.06811	-0.10194	7.05776
0.04692	-0.11327	7.05776
0.02392	-0.12024	7.05776
0	-0.1226	7.05776
-0.02392	-0.12024	7.05776
-0.04692	-0.11327	7.05776
-0.06811	-0.10194	7.05776
-0.08669	-0.08669	7.05776
-0.10194	-0.06811	7.05776
-0.11327	-0.04692	7.05776
-0.12024	-0.02392	7.05776
-0.11548	0	7.08121
-0.11327	0.02253	7.08121
-0.10669	0.04419	7.08121
-0.09602	0.06416	7.08121
-0.08166	0.08166	7.08121
-0.06416	0.09602	7.08121
-0.04419	0.10669	7.08121
-0.02253	0.11327	7.08121
0	0.11548	7.08121
0.02253	0.11327	7.08121
0.04419	0.10669	7.08121
0.06416	0.09602	7.08121
0.08166	0.08166	7.08121
0.09602	0.06416	7.08121
0.10669	0.04419	7.08121
0.11327	0.02253	7.08121
0.11548	0	7.08121
0.11327	-0.02253	7.08121
0.10669	-0.04419	7.08121
0.09602	-0.06416	7.08121
0.08166	-0.08166	7.08121
0.06416	-0.09602	7.08121
0.04419	-0.10669	7.08121
0.02253	-0.11327	7.08121
0	-0.11549	7.08121
-0.02253	-0.11327	7.08121
-0.04419	-0.10669	7.08121
-0.06416	-0.09602	7.08121
-0.08166	-0.08166	7.08121
-0.09602	-0.06416	7.08121
-0.10669	-0.04419	7.08121
-0.11327	-0.02253	7.08121
-0.10393	0	7.10282
-0.10194	0.02028	7.10282
-0.09602	0.03977	7.10282
-0.08642	0.05774	7.10282
-0.07349	0.07349	7.10282
-0.05774	0.08642	7.10282
-0.03977	0.09602	7.10282
-0.02028	0.10194	7.10282
0	0.10393	7.10282
0.02028	0.10194	7.10282
0.03977	0.09602	7.10282
0.05774	0.08642	7.10282
0.07349	0.07349	7.10282
0.08642	0.05774	7.10282
0.09602	0.03977	7.10282
0.10194	0.02028	7.10282
0.10393	0	7.10282
0.10194	-0.02028	7.10282
0.09602	-0.03977	7.10282
0.08642	-0.05774	7.10282
0.07349	-0.07349	7.10282
0.05774	-0.08642	7.10282
0.03977	-0.09602	7.10282
0.02028	-0.10194	7.10282
0	-0.10393	7.10282
-0.02028	-0.10194	7.10282
-0.03977	-0.09602	7.10282
-0.05774	-0.08642	7.10282
-0.07349	-0.07349	7.10282
-0.08642	-0.05774	7.10282
-0.09602	-0.03977	7.10282
-0.10194	-0.02028	7.10282
-0.08839	0	7.12176
-0.08669	0.01724	7.12176
-0.08166	0.03382	7.12176
-0.07349	0.04911	7.12176
-0.0625	0.0625	7.12176
-0.04911	0.07349	7.12176
-0.03382	0.08166	7.12176
-0.01724	0.08669	7.12176
0	0.08839	7.12176
0.01724	0.08669	7.12176
0.03382	0.08166	7.12176
0.04911	0.07349	7.12176
0.0625	0.0625	7.12176
0.07349	0.04911	7.12176
0.08166	0.03382	7.12176
0.08669	0.01724	7.12176
0.08839	0	7.12176
0.08669	-0.01724	7.12176
0.08166	-0.03383	7.12176
0.07349	-0.04911	7.12176
0.0625	-0.0625	7.12176
0.04911	-0.07349	7.12176
0.03382	-0.08166	7.12176
0.01724	-0.08669	7.12176
0	-0.08839	7.12176
-0.01724	-0.08669	7.12176
-0.03382	-0.08166	7.12176
-0.04911	-0.07349	7.12176
-0.0625	-0.0625	7.12176
-0.07349	-0.04911	7.12176
-0.08166	-0.03383	7.12176
-0.08669	-0.01724	7.12176
-0.06945	0	7.1373
-0.06811	0.01355	7.1373
-0.06416	0.02658	7.1373
-0.05774	0.03858	7.1373
-0.04911	0.04911	7.1373
-0.03858	0.05774	7.1373
-0.02658	0.06416	7.1373
-0.01355	0.06811	7.1373
0	0.06945	7.1373
0.01355	0.06811	7.1373
0.02658	0.06416	7.1373
0.03858	0.05774	7.1373
0.04911	0.04911	7.1373
0.05774	0.03858	7.1373
0.06416	0.02658	7.1373
0.06811	0.01355	7.1373
0.06945	0	7.1373
0.06811	-0.01355	7.1373
0.06416	-0.02658	7.1373
0.05774	-0.03858	7.1373
0.04911	-0.04911	7.1373
0.03858	-0.05774	7.1373
0.02658	-0.06416	7.1373
0.01355	-0.06811	7.1373
0	-0.06945	7.1373
-0.01355	-0.06811	7.1373
-0.02658	-0.06416	7.1373
-0.03858	-0.05774	7.1373
-0.04911	-0.04911	7.1373
-0.05774	-0.03858	7.1373
-0.06416	-0.02658	7.1373
-0.06811	-0.01355	7.1373
-0.04784	0	7.14885
-0.04692	0.00933	7.14885
-0.04419	0.01831	7.14885
-0.03977	0.02658	7.14885
-0.03382	0.03382	7.14885
-0.02658	0.03977	7.14885
-0.01831	0.04419	7.14885
-0.00933	0.04692	7.14885
0	0.04784	7.14885
0.00933	0.04692	7.14885
0.01831	0.04419	7.14885
0.02658	0.03977	7.14885
0.03382	0.03382	7.14885
0.03977	0.02658	7.14885
0.04419	0.01831	7.14885
0.04692	0.00933	7.14885
0.04784	0	7.14885
0.04692	-0.00933	7.14885
0.04419	-0.01831	7.14885
0.03977	-0.02658	7.14885
0.03382	-0.03383	7.14885
0.02658	-0.03977	7.14885
0.01831	-0.04419	7.14885
0.00933	-0.04692	7.14885
0	-0.04784	7.14885
-0.00933	-0.04692	7.14885
-0.01831	-0.04419	7.14885
-0.02658	-0.03977	7.14885
-0.03382	-0.03383	7.14885
-0.03977	-0.02658	7.14885
-0.04419	-0.01831	7.14885
-0.04692	-0.00933	7.14885
-0.02439	0	7.15597
-0.02392	0.00476	7.15597
-0.02253	0.00933	7.15597
-0.02028	0.01355	7.15597
-0.01724	0.01724	7.15597
-0.01355	0.02028	7.15597
-0.00933	0.02253	7.15597
-0.00476	0.02392	7.15597
0	0.02439	7.15597
0.00476	0.02392	7.15597
0.00933	0.02253	7.15597
0.01355	0.02028	7.15597
0.01724	0.01724	7.15597
0.02028	0.01355	7.15597
0.02253	0.00933	7.15597
0.02392	0.00476	7.15597
0.02439	0	7.15597
0.02392	-0.00476	7.15597
0.02253	-0.00933	7.15597
0.02028	-0.01355	7.15597
0.01724	-0.01724	7.15597
0.01355	-0.02028	7.15597
0.00933	-0.02253	7.15597
0.00476	-0.02392	7.15597
0	-0.02439	7.15597
-0.00476	-0.02392	7.15597
-0.00933	-0.02253	7.15597
-0.01355	-0.02028	7.15597
-0.01724	-0.01724	7.15597
-0.02028	-0.01355	7.15597
-0.02253	-0.00933	7.15597
-0.02392	-0.00476	7.15597
0	0	7.15837
3	31	30	29
3	29	28	27
3	27	26	25
3	29	27	25
3	25	24	23
3	23	22	21
3	25	23	21
3	21	20	19
3	19	18	17
3	21	19	17
3	25	21	17
3	17	16	15
3	15	14	13
3	17	15	13
3	13	12	11
3	11	10	9
3	13	11	9
3	17	13	9
3	9	8	7
3	7	6	5
3	9	7	5
3	5	4	3
3	3	2	1
3	5	3	1
3	9	5	1
3	17	9	1
3	25	17	1
3	29	25	1
3	31	29	1
3	32	31	1
3	1	2	34
3	34	33	1
3	2	3	35
3	35	34	2
3	3	4	36
3	36	35	3
3	4	5	37
3	37	36	4
3	5	6	38
3	38	37	5
3	6	7	39
3	39	38	6
3	7	8	40
3	40	39	7
3	8	9	41
3	41	40	8
3	9	10	42
3	42	41	9
3	10	11	43
3	43	42	10
3	11	12	44
3	44	43	11
3	12	13	45
3	45	44	12
3	13	14	46
3	46	45	13
3	14	15	47
3	47	46	14
3	15	16	48
3	48	47	15
3	16	17	49
3	49	48	16
3	17	18	50
3	50	49	17
3	18	19	51
3	51	50	18
3	19	20	52
3	52	51	19
3	20	21	53
3	53	52	20
3	21	22	54
3	54	53	21
3	22	23	55
3	55	54	22
3	23	24	56
3	56	55	23
3	24	25	57
3	57	56	24
3	25	26	58
3	58	57	25
3	26	27	59
3	59	58	26
3	27	28	60
3	60	59	27
3	28	29	61
3	61	60	28
3	29	30	62
3	62	61	29
3	30	31	63
3	63	62	30
3	31	32	64
3	64	63	31
3	32	1	33
3	33	64	32
3	33	34	66
3	66	65	33
3	34	35	67
3	67	66	34
3	35	36	68
3	68	67	35
3	36	37	69
3	69	68	36
3	37	38	70
3	70	69	37
3	38	39	71
3	71	70	38
3	39	40	72
3	72	71	39
3	40	41	73
3	73	72	40
3	41	42	74
3	74	73	41
3	42	43	75
3	75	74	42
3	43	44	76
3	76	75	43
3	44	45	77
3	77	76	44
3	45	46	78
3	78	77	45
3	46	47	79
3	79	78	46
3	47	48	80
3	80	79	47
3	48	49	81
3	81	80	48
3	49	50	82
3	82	81	49
3	50	51	83
3	83	82	50
3	51	52	84
3	84	83	51
3	52	53	85
3	85	84	52
3	53	54	86
3	86	85	53
3	54	55	87
3	87	86	54
3	55	56	88
3	88	87	55
3	56	57	89
3	89	88	56
3	57	58	90
3	90	89	57
3	58	59	91
3	91	90	58
3	59	60	92
3	92	91	59
3	60	61	93
3	93	92	60
3	61	62	94
3	94	93	61
3	62	63	95
3	95	94	62
3	63	64	96
3	96	95	63
3	64	33	65
3	65	96	64
3	65	66	98
3	98	97	65
3	66	67	99
3	99	98	66
3	67	68	100
3	100	99	67
3	68	69	101
3	101	100	68
3	69	70	102
3	102	101	69
3	70	71	103
3	103	102	70
3	71	72	104
3	104	103	71
3	72	73	105
3	105	104	72
3	73	74	106
3	106	105	73
3	74	75	107
3	107	106	74
3	75	76	108
3	108	107	75
3	76	77	109
3	109	108	76
3	77	78	110
3	110	109	77
3	78	79	111
3	111	110	78
3	79	80	112
3	112	111	79
3	80	81	113
3	113	112	80
3	81	82	114
3	114	113	81
3	82	83	115
3	115	114	82
3	83	84	116
3	116	115	83
3	84	85	117
3	117	116	84
3	85	86	118
3	118	117	85
3	86	87	119
3	119	118	86
3	87	88	120
3	120	119	87
3	88	89	121
3	121	120	88
3	89	90	122
3	122	121	89
3	90	91	123
3	123	122	90
3	91	92	124
3	124	123	91
3	92	93	125
3	125	124	92
3	93	94	126
3	126	125	93
3	94	95	127
3	127	126	94
3	95	96	128
3	128	127	95
3	96	65	97
3	97	128	96
3	97	98	130
3	130	129	97
3	98	99	131
3	131	130	98
3	99	100	132
3	132	131	99
3	100	101	133
3	133	132	100
3	101	102	134
3	134	133	101
3	102	103	135
3	135	134	102
3	103	104	136
3	136	135	103
3	104	105	137
3	137	136	104
3	105	106	138
3	138	137	105
3	106	107	139
3	139	138	106
3	107	108	140
3	140	139	107
3	108	109	141
3	141	140	108
3	109	110	142
3	142	141	109
3	110	111	143
3	143	142	110
3	111	112	144
3	144	143	111
3	112	113	145
3	145	144	112
3	113	114	146
3	146	145	113
3	114	115	147
3	147	146	114
3	115	116	148
3	148	147	115
3	116	117	149
3	149	148	116
3	117	118	150
3	150	149	117
3	118	119	151
3	151	150	118
3	119	120	152
3	152	151	119
3	120	121	153
3	153	152	120
3	121	122	154
3	154	153	121
3	122	123	155
3	155	154	122
3	123	124	156
3	156	155	123
3	124	125	157
3	157	156	124
3	125	126	158
3	158	157	125
3	126	127	159
3	159	158	126
3	127	128	160
3	160	159	127
3	128	97	129
3	129	160	128
3	129	130	162
3	162	161	129
3	130	131	163
3	163	162	130
3	131	132	164
3	164	163	131
3	132	133	165
3	165	164	132
3	133	134	166
3	166	165	133
3	134	135	167
3	167	166	134
3	135	136	168
3	168	167	135
3	136	137	169
3	169	168	136
3	137	138	170
3	170	169	137
3	138	139	171
3	171	170	138
3	139	140	172
3	172	171	139
3	140	141	173
3	173	172	140
3	141	142	174
3	174	173	141
3	142	143	175
3	175	174	142
3	143	144	176
3	176	175	143
3	144	145	177
3	177	176	144
3	145	146	178
3	178	177	145
3	146	147	179
3	179	178	146
3	147	148	180
3	180	179	147
3	148	149	181
3	181	180	148
3	149	150	182
3	182	181	149
3	150	151	183
3	183	182	150
3	151	152	184
3	184	183	151
3	152	153	185
3	185	184	152
3	153	154	186
3	186	185	153
3	154	155	187
3	187	186	154
3	155	156	188
3	188	187	155
3	156	157	189
3	189	188	156
3	157	158	190
3	190	189	157
3	158	159	191
3	191	190	158
3	159	160	192
3	192	191	159
3	160	129	161
3	161	192	160
3	161	162	194
3	194	193	161
3	162	163	195
3	195	194	162
3	163	164	196
3	196	195	163
3	164	165	197
3	197	196	164
3	165	166	198
3	198	197	165
3	166	167	199
3	199	198	166
3	167	168	200
3	200	199	167
3	168	169	201
3	201	200	168
3	169	170	202
3	202	201	169
3	170	171	203
3	203	202	170
3	171	172	204
3	204	203	171
3	172	173	205
3	205	204	172
3	173	174	206
3	206	205	173
3	174	175	207
3	207	206	174
3	175	176	208
3	208	207	175
3	176	177	209
3	209	208	176
3	177	178	210
3	210	209	177
3	178	179	211
3	211	210	178
3	179	180	212
3	212	211	179
3	180	181	213
3	213	212	180
3	181	182	214
3	214	213	181
3	182	183	215
3	215	214	182
3	183	184	216
3	216	215	183
3	184	185	217
3	217	216	184
3	185	186	218
3	218	217	185
3	186	187	219
3	219	218	186
3	187	188	220
3	220	219	187
3	188	189	221
3	221	220	188
3	189	190	222
3	222	221	189
3	190	191	223
3	223	222	190
3	191	192	224
3	224	223	191
3	192	161	193
3	193	224	192
3	193	194	226
3	226	225	193
3	194	195	227
3	227	226	194
3	195	196	228
3	228	227	195
3	196	197	229
3	229	228	196
3	197	198	230
3	230	229	197
3	198	199	231
3	231	230	198
3	199	200	232
3	232	231	199
3	200	201	233
3	233	232	200
3	201	202	234
3	234	233	201
3	202	203	235
3	235	234	202
3	203	204	236
3	236	235	203
3	204	205	237
3	237	236	204
3	205	206	238
3	238	237	205
3	206	207	239
3	239	238	206
3	207	208	240
3	240	239	207
3	208	209	241
3	241	240	208
3	209	210	242
3	242	241	209
3	210	211	243
3	243	242	210
3	211	212	244
3	244	243	211
3	212	213	245
3	245	244	212
3	213	214	246
3	246	245	213
3	214	215	247
3	247	246	214
3	215	216	248
3	248	247	215
3	216	217	249
3	249	248	216
3	217	218	250
3	250	249	217
3	218	219	251
3	251	250	218
3	219	220	252
3	252	251	219
3	220	221	253
3	253	252	220
3	221	222	254
3	254	253	221
3	222	223	255
3	255	254	222
3	223	224	256
3	256	255	223
3	224	193	225
3	225	256	224
3	225	226	258
3	258	257	225
3	226	227	259
3	259	258	226
3	227	228	260
3	260	259	227
3	228	229	261
3	261	260	228
3	229	230	262
3	262	261	229
3	230	231	263
3	263	262	230
3	231	232	264
3	264	263	231
3	232	233	265
3	265	264	232
3	233	234	266
3	266	265	233
3	234	235	267
3	267	266	234
3	235	236	268
3	268	267	235
3	236	237	269
3	269	268	236
3	237	238	270
3	270	269	237
3	238	239	271
3	271	270	238
3	239	240	272
3	272	271	239
3	240	241	273
3	273	272	240
3	241	242	274
3	274	273	241
3	242	243	275
3	275	274	242
3	243	244	276
3	276	275	243
3	244	245	277
3	277	276	244
3	245	246	278
3	278	277	245
3	246	247	279
3	279	278	246
3	247	248	280
3	280	279	247
3	248	249	281
3	281	280	248
3	249	250	282
3	282	281	249
3	250	251	283
3	283	282	250
3	251	252	284
3	284	283	251
3	252	253	285
3	285	284	252
3	253	254	286
3	286	285	253
3	254	255	287
3	287	286	254
3	255	256	288
3	288	287	255
3	256	225	257
3	257	288	256
3	257	258	290
3	290	289	257
3	258	259	291
3	291	290	258
3	259	260	292
3	292	291	259
3	260	261	293
3	293	292	260
3	261	262	294
3	294	293	261
3	262	263	295
3	295	294	262
3	263	264	296
3	296	295	263
3	264	265	297
3	297	296	264
3	265	266	298
3	298	297	265
3	266	267	299
3	299	298	266
3	267	268	300
3	300	299	267
3	268	269	301
3	301	300	268
3	269	270	302
3	302	301	269
3	270	271	303
3	303	302	270
3	271	272	304
3	304	303	271
3	272	273	305
3	305	304	272
3	273	274	306
3	306	305	273
3	274	275	307
3	307	306	274
3	275	276	308
3	308	307	275
3	276	277	309
3	309	308	276
3	277	278	310
3	310	309	277
3	278	279	311
3	311	310	278
3	279	280	312
3	312	311	279
3	280	281	313
3	313	312	280
3	281	282	314
3	314	313	281
3	282	283	315
3	315	314	282
3	283	284	316
3	316	315	283
3	284	285	317
3	317	316	284
3	285	286	318
3	318	317	285
3	286	287	319
3	319	318	286
3	287	288	320
3	320	319	287
3	288	257	289
3	289	320	288
3	289	290	322
3	322	321	289
3	290	291	323
3	323	322	290
3	291	292	324
3	324	323	291
3	292	293	325
3	325	324	292
3	293	294	326
3	326	325	293
3	294	295	327
3	327	326	294
3	295	296	328
3	328	327	295
3	296	297	329
3	329	328	296
3	297	298	330
3	330	329	297
3	298	299	331
3	331	330	298
3	299	300	332
3	332	331	299
3	300	301	333
3	333	332	300
3	301	302	334
3	334	333	301
3	302	303	335
3	335	334	302
3	303	304	336
3	336	335	303
3	304	305	337
3	337	336	304
3	305	306	338
3	338	337	305
3	306	307	339
3	339	338	306
3	307	308	340
3	340	339	307
3	308	309	341
3	341	340	308
3	309	310	342
3	342	341	309
3	310	311	343
3	343	342	310
3	311	312	344
3	344	343	311
3	312	313	345
3	345	344	312
3	313	314	346
3	346	345	313
3	314	315	347
3	347	346	314
3	315	316	348
3	348	347	315
3	316	317	349
3	349	348	316
3	317	318	350
3	350	349	317
3	318	319	351
3	351	350	318
3	319	320	352
3	352	351	319
3	320	289	321
3	321	352	320
3	321	322	354
3	354	353	321
3	322	323	355
3	355	354	322
3	323	324	356
3	356	355	323
3	324	325	357
3	357	356	324
3	325	326	358
3	358	357	325
3	326	327	359
3	359	358	326
3	327	328	360
3	360	359	327
3	328	329	361
3	361	360	328
3	329	330	362
3	362	361	329
3	330	331	363
3	363	362	330
3	331	332	364
3	364	363	331
3	332	333	365
3	365	364	332
3	333	334	366
3	366	365	333
3	334	335	367
3	367	366	334
3	335	336	368
3	368	367	335
3	336	337	369
3	369	368	336
3	337	338	370
3	370	369	337
3	338	339	371
3	371	370	338
3	339	340	372
3	372	371	339
3	340	341	373
3	373	372	340
3	341	342	374
3	374	373	341
3	342	343	375
3	375	374	342
3	343	344	376
3	376	375	343
3	344	345	377
3	377	376	344
3	345	346	378
3	378	377	345
3	346	347	379
3	379	378	346
3	347	348	380
3	380	379	347
3	348	349	381
3	381	380	348
3	349	350	382
3	382	381	349
3	350	351	383
3	383	382	350
3	351	352	384
3	384	383	351
3	352	321	353
3	353	384	352
3	353	354	386
3	386	385	353
3	354	355	387
3	387	386	354
3	355	356	388
3	388	387	355
3	356	357	389
3	389	388	356
3	357	358	390
3	390	389	357
3	358	359	391
3	391	390	358
3	359	360	392
3	392	391	359
3	360	361	393
3	393	392	360
3	361	362	394
3	394	393	361
3	362	363	395
3	395	394	362
3	363	364	396
3	396	395	363
3	364	365	397
3	397	396	364
3	365	366	398
3	398	397	365
3	366	367	399
3	399	398	366
3	367	368	400
3	400	399	367
3	368	369	401
3	401	400	368
3	369	370	402
3	402	401	369
3	370	371	403
3	403	402	370
3	371	372	404
3	404	403	371
3	372	373	405
3	405	404	372
3	373	374	406
3	406	405	373
3	374	375	407
3	407	406	374
3	375	376	408
3	408	407	375
3	376	377	409
3	409	408	376
3	377	378	410
3	410	409	377
3	378	379	411
3	411	410	378
3	379	380	412
3	412	411	379
3	380	381	413
3	413	412	380
3	381	382	414
3	414	413	381
3	382	383	415
3	415	414	382
3	383	384	416
3	416	415	383
3	384	353	385
3	385	416	384
3	385	386	418
3	418	417	385
3	386	387	419
3	419	418	386
3	387	388	420
3	420	419	387
3	388	389	421
3	421	420	388
3	389	390	422
3	422	421	389
3	390	391	423
3	423	422	390
3	391	392	424
3	424	423	391
3	392	393	425
3	425	424	392
3	393	394	426
3	426	425	393
3	394	395	427
3	427	426	394
3	395	396	428
3	428	427	395
3	396	397	429
3	429	428	396
3	397	398	430
3	430	429	397
3	398	399	431
3	431	430	398
3	399	400	432
3	432	431	399
3	400	401	433
3	433	432	400
3	401	402	434
3	434	433	401
3	402	403	435
3	435	434	402
3	403	404	436
3	436	435	403
3	404	405	437
3	437	436	404
3	405	406	438
3	438	437	405
3	406	407	439
3	439	438	406
3	407	408	440
3	440	439	407
3	408	409	441
3	441	440	408
3	409	410	442
3	442	441	409
3	410	411	443
3	443	442	410
3	411	412	444
3	444	443	411
3	412	413	445
3	445	444	412
3	413	414	446
3	446	445	413
3	414	415	447
3	447	446	414
3	415	416	448
3	448	447	415
3	416	385	417
3	417	448	416
3	417	418	450
3	450	449	417
3	418	419	451
3	451	450	418
3	419	420	452
3	452	451	419
3	420	421	453
3	453	452	420
3	421	422	454
3	454	453	421
3	422	423	455
3	455	454	422
3	423	424	456
3	456	455	423
3	424	425	457
3	457	456	424
3	425	426	458
3	458	457	425
3	426	427	459
3	459	458	426
3	427	428	460
3	460	459	427
3	428	429	461
3	461	460	428
3	429	430	462
3	462	461	429
3	430	431	463
3	463	462	430
3	431	432	464
3	464	463	431
3	432	433	465
3	465	464	432
3	433	434	466
3	466	465	433
3	434	435	467
3	467	466	434
3	435	436	468
3	468	467	435
3	436	437	469
3	469	468	436
3	437	438	470
3	470	469	437
3	438	439	471
3	471	470	438
3	439	440	472
3	472	471	439
3	440	441	473
3	473	472	440
3	441	442	474
3	474	473	441
3	442	443	475
3	475	474	442
3	443	444	476
3	476	475	443
3	444	445	477
3	477	476	444
3	445	446	478
3	478	477	445
3	446	447	479
3	479	478	446
3	447	448	480
3	480	479	447
3	448	417	449
3	449	480	448
3	449	450	482
3	482	481	449
3	450	451	483
3	483	482	450
3	451	452	484
3	484	483	451
3	452	453	485
3	485	484	452
3	453	454	486
3	486	485	453
3	454	455	487
3	487	486	454
3	455	456	488
3	488	487	455
3	456	457	489
3	489	488	456
3	457	458	490
3	490	489	457
3	458	459	491
3	491	490	458
3	459	460	492
3	492	491	459
3	460	461	493
3	493	492	460
3	461	462	494
3	494	493	461
3	462	463	495
3	495	494	462
3	463	464	496
3	496	495	463
3	464	465	497
3	497	496	464
3	465	466	498
3	498	497	465
3	466	467	499
3	499	498	466
3	467	468	500
3	500	499	467
3	468	469	501
3	501	500	468
3	469	470	502
3	502	501	469
3	470	471	503
3	503	502	470
3	471	472	504
3	504	503	471
3	472	473	505
3	505	504	472
3	473	474	506
3	506	505	473
3	474	475	507
3	507	506	474
3	475	476	508
3	508	507	475
3	476	477	509
3	509	508	476
3	477	478	510
3	510	509	477
3	478	479	511
3	511	510	478
3	479	480	512
3	512	511	479
3	480	449	481
3	481	512	480
3	481	482	514
3	514	513	481
3	482	483	515
3	515	514	482
3	483	484	516
3	516	515	483
3	484	485	517
3	517	516	484
3	485	486	518
3	518	517	485
3	486	487	519
3	519	518	486
3	487	488	520
3	520	519	487
3	488	489	521
3	521	520	488
3	489	490	522
3	522	521	489
3	490	491	523
3	523	522	490
3	491	492	524
3	524	523	491
3	492	493	525
3	525	524	492
3	493	494	526
3	526	525	493
3	494	495	527
3	527	526	494
3	495	496	528
3	528	527	495
3	496	497	529
3	529	528	496
3	497	498	530
3	530	529	497
3	498	499	531
3	531	530	498
3	499	500	532
3	532	531	499
3	500	501	533
3	533	532	500
3	501	502	534
3	534	533	501
3	502	503	535
3	535	534	502
3	503	504	536
3	536	535	503
3	504	505	537
3	537	536	504
3	505	506	538
3	538	537	505
3	506	507	539
3	539	538	506
3	507	508	540
3	540	539	507
3	508	509	541
3	541	540	508
3	509	510	542
3	542	541	509
3	510	511	543
3	543	542	510
3	511	512	544
3	544	543	511
3	512	481	513
3	513	544	512
3	513	514	546
3	546	545	513
3	514	515	547
3	547	546	514
3	515	516	548
3	548	547	515
3	516	517	549
3	549	548	516
3	517	518	550
3	550	549	517
3	518	519	551
3	551	550	518
3	519	520	552
3	552	551	519
3	520	521	553
3	553	552	520
3	521	522	554
3	554	553	521
3	522	523	555
3	555	554	522
3	523	524	556
3	556	555	523
3	524	525	557
3	557	556	524
3	525	526	558
3	558	557	525
3	526	527	559
3	559	558	526
3	527	528	560
3	560	559	527
3	528	529	561
3	561	560	528
3	529	530	562
3	562	561	529
3	530	531	563
3	563	562	530
3	531	532	564
3	564	563	531
3	532	533	565
3	565	564	532
3	533	534	566
3	566	565	533
3	534	535	567
3	567	566	534
3	535	536	568
3	568	567	535
3	536	537	569
3	569	568	536
3	537	538	570
3	570	569	537
3	538	539	571
3	571	570	538
3	539	540	572
3	572	571	539
3	540	541	573
3	573	572	540
3	541	542	574
3	574	573	541
3	542	543	575
3	575	574	542
3	543	544	576
3	576	575	543
3	544	513	545
3	545	576	544
3	545	546	578
3	578	577	545
3	546	547	579
3	579	578	546
3	547	548	580
3	580	579	547
3	548	549	581
3	581	580	548
3	549	550	582
3	582	581	549
3	550	551	583
3	583	582	550
3	551	552	584
3	584	583	551
3	552	553	585
3	585	584	552
3	553	554	586
3	586	585	553
3	554	555	587
3	587	586	554
3	555	556	588
3	588	587	555
3	556	557	589
3	589	588	556
3	557	558	590
3	590	589	557
3	558	559	591
3	591	590	558
3	559	560	592
3	592	591	559
3	560	561	593
3	593	592	560
3	561	562	594
3	594	593	561
3	562	563	595
3	595	594	562
3	563	564	596
3	596	595	563
3	564	565	597
3	597	596	564
3	565	566	598
3	598	597	565
3	566	567	599
3	599	598	566
3	567	568	600
3	600	599	567
3	568	569	601
3	601	600	568
3	569	570	602
3	602	601	569
3	570	571	603
3	603	602	570
3	571	572	604
3	604	603	571
3	572	573	605
3	605	604	572
3	573	574	606
3	606	605	573
3	574	575	607
3	607	606	574
3	575	576	608
3	608	607	575
3	576	545	577
3	577	608	576
3	577	578	610
3	610	609	577
3	578	579	611
3	611	610	578
3	579	580	612
3	612	611	579
3	580	581	613
3	613	612	580
3	581	582	614
3	614	613	581
3	582	583	615
3	615	614	582
3	583	584	616
3	616	615	583
3	584	585	617
3	617	616	584
3	585	586	618
3	618	617	585
3	586	587	619
3	619	618	586
3	587	588	620
3	620	619	587
3	588	589	621
3	621	620	588
3	589	590	622
3	622	621	589
3	590	591	623
3	623	622	590
3	591	592	624
3	624	623	591
3	592	593	625
3	625	624	592
3	593	594	626
3	626	625	593
3	594	595	627
3	627	626	594
3	595	596	628
3	628	627	595
3	596	597	629
3	629	628	596
3	597	598	630
3	630	629	597
3	598	599	631
3	631	630	598
3	599	600	632
3	632	631	599
3	600	601	633
3	633	632	600
3	601	602	634
3	634	633	601
3	602	603	635
3	635	634	602
3	603	604	636
3	636	635	603
3	604	605	637
3	637	636	604
3	605	606	638
3	638	637	605
3	606	607	639
3	639	638	606
3	607	608	640
3	640	639	607
3	608	577	609
3	609	640	608
3	609	610	642
3	642	641	609
3	610	611	643
3	643	642	610
3	611	612	644
3	644	643	611
3	612	613	645
3	645	644	612
3	613	614	646
3	646	645	613
3	614	615	647
3	647	646	614
3	615	616	648
3	648	647	615
3	616	617	649
3	649	648	616
3	617	618	650
3	650	649	617
3	618	619	651
3	651	650	618
3	619	620	652
3	652	651	619
3	620	621	653
3	653	652	620
3	621	622	654
3	654	653	621
3	622	623	655
3	655	654	622
3	623	624	656
3	656	655	623
3	624	625	657
3	657	656	624
3	625	626	658
3	658	657	625
3	626	627	659
3	659	658	626
3	627	628	660
3	660	659	627
3	628	629	661
3	661	660	628
3	629	630	662
3	662	661	629
3	630	631	663
3	663	662	630
3	631	632	664
3	664	663	631
3	632	633	665
3	665	664	632
3	633	634	666
3	666	665	633
3	634	635	667
3	667	666	634
3	635	636	668
3	668	667	635
3	636	637	669
3	669	668	636
3	637	638	670
3	670	669	637
3	638	639	671
3	671	670	638
3	639	640	672
3	672	671	639
3	640	609	641
3	641	672	640
3	641	642	674
3	674	673	641
3	642	643	675
3	675	674	642
3	643	644	676
3	676	675	643
3	644	645	677
3	677	676	644
3	645	646	678
3	678	677	645
3	646	647	679
3	679	678	646
3	647	648	680
3	680	679	647
3	648	649	681
3	681	680	648
3	649	650	682
3	682	681	649
3	650	651	683
3	683	682	650
3	651	652	684
3	684	683	651
3	652	653	685
3	685	684	652
3	653	654	686
3	686	685	653
3	654	655	687
3	687	686	654
3	655	656	688
3	688	687	655
3	656	657	689
3	689	688	656
3	657	658	690
3	690	689	657
3	658	659	691
3	691	690	658
3	659	660	692
3	692	691	659
3	660	661	693
3	693	692	660
3	661	662	694
3	694	693	661
3	662	663	695
3	695	694	662
3	663	664	696
3	696	695	663
3	664	665	697
3	697	696	664
3	665	666	698
3	698	697	665
3	666	667	699
3	699	698	666
3	667	668	700
3	700	699	667
3	668	669	701
3	701	700	668
3	669	670	702
3	702	701	669
3	670	671	703
3	703	702	670
3	671	672	704
3	704	703	671
3	672	641	673
3	673	704	672
3	673	674	706
3	706	705	673
3	674	675	707
3	707	706	674
3	675	676	708
3	708	707	675
3	676	677	709
3	709	708	676
3	677	678	710
3	710	709	677
3	678	679	711
3	711	710	678
3	679	680	712
3	712	711	679
3	680	681	713
3	713	712	680
3	681	682	714
3	714	713	681
3	682	683	715
3	715	714	682
3	683	684	716
3	716	715	683
3	684	685	717
3	717	716	684
3	685	686	718
3	718	717	685
3	686	687	719
3	719	718	686
3	687	688	720
3	720	719	687
3	688	689	721
3	721	720	688
3	689	690	722
3	722	721	689
3	690	691	723
3	723	722	690
3	691	692	724
3	724	723	691
3	692	693	725
3	725	724	692
3	693	694	726
3	726	725	693
3	694	695	727
3	727	726	694
3	695	696	728
3	728	727	695
3	696	697	729
3	729	728	696
3	697	698	730
3	730	729	697
3	698	699	731
3	731	730	698
3	699	700	732
3	732	731	699
3	700	701	733
3	733	732	700
3	701	702	734
3	734	733	701
3	702	703	735
3	735	734	702
3	703	704	736
3	736	735	703
3	704	673	705
3	705	736	704
3	705	706	738
3	738	737	705
3	706	707	739
3	739	738	706
3	707	708	740
3	740	739	707
3	708	709	741
3	741	740	708
3	709	710	742
3	742	741	709
3	710	711	743
3	743	742	710
3	711	712	744
3	744	743	711
3	712	713	745
3	745	744	712
3	713	714	746
3	746	745	713
3	714	715	747
3	747	746	714
3	715	716	748
3	748	747	715
3	716	717	749
3	749	748	716
3	717	718	750
3	750	749	717
3	718	719	751
3	751	750	718
3	719	720	752
3	752	751	719
3	720	721	753
3	753	752	720
3	721	722	754
3	754	753	721
3	722	723	755
3	755	754	722
3	723	724	756
3	756	755	723
3	724	725	757
3	757	756	724
3	725	726	758
3	758	757	725
3	726	727	759
3	759	758	726
3	727	728	760
3	760	759	727
3	728	729	761
3	761	760	728
3	729	730	762
3	762	761	729
3	730	731	763
3	763	762	730
3	731	732	764
3	764	763	731
3	732	733	765
3	765	764	732
3	733	734	766
3	766	765	733
3	734	735	767
3	767	766	734
3	735	736	768
3	768	767	735
3	736	705	737
3	737	768	736
3	737	738	770
3	770	769	737
3	738	739	771
3	771	770	738
3	739	740	772
3	772	771	739
3	740	741	773
3	773	772	740
3	741	742	774
3	774	773	741
3	742	743	775
3	775	774	742
3	743	744	776
3	776	775	743
3	744	745	777
3	777	776	744
3	745	746	778
3	778	777	745
3	746	747	779
3	779	778	746
3	747	748	780
3	780	779	747
3	748	749	781
3	781	780	748
3	749	750	782
3	782	781	749
3	750	751	783
3	783	782	750
3	751	752	784
3	784	783	751
3	752	753	785
3	785	784	752
3	753	754	786
3	786	785	753
3	754	755	787
3	787	786	754
3	755	756	788
3	788	787	755
3	756	757	789
3	789	788	756
3	757	758	790
3	790	789	757
3	758	759	791
3	791	790	758
3	759	760	792
3	792	791	759
3	760	761	793
3	793	792	760
3	761	762	794
3	794	793	761
3	762	763	795
3	795	794	762
3	763	764	796
3	796	795	763
3	764	765	797
3	797	796	764
3	765	766	798
3	798	797	765
3	766	767	799
3	799	798	766
3	767	768	800
3	800	799	767
3	768	737	769
3	769	800	768
3	769	770	802
3	802	801	769
3	770	771	803
3	803	802	770
3	771	772	804
3	804	803	771
3	772	773	805
3	805	804	772
3	773	774	806
3	806	805	773
3	774	775	807
3	807	806	774
3	775	776	808
3	808	807	775
3	776	777	809
3	809	808	776
3	777	778	810
3	810	809	777
3	778	779	811
3	811	810	778
3	779	780	812
3	812	811	779
3	780	781	813
3	813	812	780
3	781	782	814
3	814	813	781
3	782	783	815
3	815	814	782
3	783	784	816
3	816	815	783
3	784	785	817
3	817	816	784
3	785	786	818
3	818	817	785
3	786	787	819
3	819	818	786
3	787	788	820
3	820	819	787
3	788	789	821
3	821	820	788
3	789	790	822
3	822	821	789
3	790	791	823
3	823	822	790
3	791	792	824
3	824	823	791
3	792	793	825
3	825	824	792
3	793	794	826
3	826	825	793
3	794	795	827
3	827	826	794
3	795	796	828
3	828	827	795
3	796	797	829
3	829	828	796
3	797	798	830
3	830	829	797
3	798	799	831
3	831	830	798
3	799	800	832
3	832	831	799
3	800	769	801
3	801	832	800
3	801	802	834
3	834	833	801
3	802	803	835
3	835	834	802
3	803	804	836
3	836	835	803
3	804	805	837
3	837	836	804
3	805	806	838
3	838	837	805
3	806	807	839
3	839	838	806
3	807	808	840
3	840	839	807
3	808	809	841
3	841	840	808
3	809	810	842
3	842	841	809
3	810	811	843
3	843	842	810
3	811	812	844
3	844	843	811
3	812	813	845
3	845	844	812
3	813	814	846
3	846	845	813
3	814	815	847
3	847	846	814
3	815	816	848
3	848	847	815
3	816	817	849
3	849	848	816
3	817	818	850
3	850	849	817
3	818	819	851
3	851	850	818
3	819	820	852
3	852	851	819
3	820	821	853
3	853	852	820
3	821	822	854
3	854	853	821
3	822	823	855
3	855	854	822
3	823	824	856
3	856	855	823
3	824	825	857
3	857	856	824
3	825	826	858
3	858	857	825
3	826	827	859
3	859	858	826
3	827	828	860
3	860	859	827
3	828	829	861
3	861	860	828
3	829	830	862
3	862	861	829
3	830	831	863
3	863	862	830
3	831	832	864
3	864	863	831
3	832	801	833
3	833	864	832
3	833	834	866
3	866	865	833
3	834	835	867
3	867	866	834
3	835	836	868
3	868	867	835
3	836	837	869
3	869	868	836
3	837	838	870
3	870	869	837
3	838	839	871
3	871	870	838
3	839	840	872
3	872	871	839
3	840	841	873
3	873	872	840
3	841	842	874
3	874	873	841
3	842	843	875
3	875	874	842
3	843	844	876
3	876	875	843
3	844	845	877
3	877	876	844
3	845	846	878
3	878	877	845
3	846	847	879
3	879	878	846
3	847	848	880
3	880	879	847
3	848	849	881
3	881	880	848
3	849	850	882
3	882	881	849
3	850	851	883
3	883	882	850
3	851	852	884
3	884	883	851
3	852	853	885
3	885	884	852
3	853	854	886
3	886	885	853
3	854	855	887
3	887	886	854
3	855	856	888
3	888	887	855
3	856	857	889
3	889	888	856
3	857	858	890
3	890	889	857
3	858	859	891
3	891	890	858
3	859	860	892
3	892	891	859
3	860	861	893
3	893	892	860
3	861	862	894
3	894	893	861
3	862	863	895
3	895	894	862
3	863	864	896
3	896	895	863
3	864	833	865
3	865	896	864
3	865	866	897
3	866	867	897
3	867	868	897
3	868	869	897
3	869	870	897
3	870	871	897
3	871	872	897
3	872	873	897
3	873	874	897
3	874	875	897
3	875	876	897
3	876	877	897
3	877	878	897
3	878	879	897
3	879	880	897
3	880	881	897
3	881	882	897
3	882	883	897
3	883	884	897
3	884	885	897
3	885	886	897
3	886	887	897
3	887	888	897
3	888	889	897
3	889	890	897
3	890	891	897
3	891	892	897
3	892	893	897
3	893	894	897
3	894	895	897
3	895	896	897
3	896	865	897
3	898	899	900
3	898	900	901
3	898	901	902
3	898	902	903
3	898	903	904
3	898	904	905
3	898	905	906
3	898	906	907
3	898	907	908
3	898	908	909
3	898	909	910
3	898	910	911
3	898	911	912
3	898	912	913
3	898	913	914
3	898	914	915
3	898	915	916
3	898	916	917
3	898	917	918
3	898	918	919
3	898	919	920
3	898	920	921
3	898	921	922
3	898	922	923
3	898	923	924
3	898	924	925
3	898	925	926
3	898	926	927
3	898	927	928
3	898	928	929
3	898	929	930
3	898	930	899
3	932	900	899
3	899	931	932
3	933	901	900
3	900	932	933
3	934	902	901
3	901	933	934
3	935	903	902
3	902	934	935
3	936	904	903
3	903	935	936
3	937	905	904
3	904	936	937
3	938	906	905
3	905	937	938
3	939	907	906
3	906	938	939
3	940	908	907
3	907	939	940
3	941	909	908
3	908	940	941
3	942	910	909
3	909	941	942
3	943	911	910
3	910	942	943
3	944	912	911
3	911	943	944
3	945	913	912
3	912	944	945
3	946	914	913
3	913	945	946
3	947	915	914
3	914	946	947
3	948	916	915
3	915	947	948
3	949	917	916
3	916	948	949
3	950	918	917
3	917	949	950
3	951	919	918
3	918	950	951
3	952	920	919
3	919	951	952
3	953	921	920
3	920	952	953
3	954	922	921
3	921	953	954
3	955	923	922
3	922	954	955
3	956	924	923
3	923	955	956
3	957	925	924
3	924	956	957
3	958	926	925
3	925	957	958
3	959	927	926
3	926	958	959
3	960	928	927
3	927	959	960
3	961	929	928
3	928	960	961
3	962	930	929
3	929	961	962
3	931	899	930
3	930	962	931
3	964	932	931
3	931	963	964
3	965	933	932
3	932	964	965
3	966	934	933
3	933	965	966
3	967	935	934
3	934	966	967
3	968	936	935
3	935	967	968
3	969	937	936
3	936	968	969
3	970	938	937
3	937	969	970
3	971	939	938
3	938	970	971
3	972	940	939
3	939	971	972
3	973	941	940
3	940	972	973
3	974	942	941
3	941	973	974
3	975	943	942
3	942	974	975
3	976	944	943
3	943	975	976
3	977	945	944
3	944	976	977
3	978	946	945
3	945	977	978
3	979	947	946
3	946	978	979
3	980	948	947
3	947	979	980
3	981	949	948
3	948	980	981
3	982	950	949
3	949	981	982
3	983	951	950
3	950	982	983
3	984	952	951
3	951	983	984
3	985	953	952
3	952	984	985
3	986	954	953
3	953	985	986
3	987	955	954
3	954	986	987
3	988	956	955
3	955	987	988
3	989	957	956
3	956	988	989
3	990	958	957
3	957	989	990
3	991	959	958
3	958	990	991
3	992	960	959
3	959	991	992
3	993	961	960
3	960	992	993
3	994	962	961
3	961	993	994
3	963	931	962
3	962	994	963
3	996	964	963
3	963	995	996
3	997	965	964
3	964	996	997
3	998	966	965
3	965	997	998
3	999	967	966
3	966	998	999
3	1000	968	967
3	967	999	1000
3	1001	969	968
3	968	1000	1001
3	1002	970	969
3	969	1001	1002
3	1003	971	970
3	970	1002	1003
3	1004	972	971
3	971	1003	1004
3	1005	973	972
3	972	1004	1005
3	1006	974	973
3	973	1005	1006
3	1007	975	974
3	974	1006	1007
3	1008	976	975
3	975	1007	1008
3	1009	977	976
3	976	1008	1009
3	1010	978	977
3	977	1009	1010
3	1011	979	978
3	978	1010	1011
3	1012	980	979
3	979	1011	1012
3	1013	981	980
3	980	1012	1013
3	1014	982	981
3	981	1013	1014
3	1015	983	982
3	982	1014	1015
3	1016	984	983
3	983	1015	1016
3	1017	985	984
3	984	1016	1017
3	1018	986	985
3	985	1017	1018
3	1019	987	986
3	986	1018	1019
3	1020	988	987
3	987	1019	1020
3	1021	989	988
3	988	1020	1021
3	1022	990	989
3	989	1021	1022
3	1023	991	990
3	990	1022	1023
3	1024	992	991
3	991	1023	1024
3	1025	993	992
3	992	1024	1025
3	1026	994	993
3	993	1025	1026
3	995	963	994
3	994	1026	995
3	1028	996	995
3	995	1027	1028
3	1029	997	996
3	996	1028	1029
3	1030	998	997
3	997	1029	1030
3	1031	999	998
3	998	1030	1031
3	1032	1000	999
3	999	1031	1032
3	1033	1001	1000
3	1000	1032	1033
3	1034	1002	1001
3	1001	1033	1034
3	1035	1003	1002
3	1002	1034	1035
3	1036	1004	1003
3	1003	1035	1036
3	1037	1005	1004
3	1004	1036	1037
3	1038	1006	1005
3	1005	1037	1038
3	1039	1007	1006
3	1006	1038	1039
3	1040	1008	1007
3	1007	1039	1040
3	1041	1009	1008
3	1008	1040	1041
3	1042	1010	1009
3	1009	1041	1042
3	1043	1011	1010
3	1010	1042	1043
3	1044	1012	1011
3	1011	1043	1044
3	1045	1013	1012
3	1012	1044	1045
3	1046	1014	1013
3	1013	1045	1046
3	1047	1015	1014
3	1014	1046	1047
3	1048	1016	1015
3	1015	1047	1048
3	1049	1017	1016
3	1016	1048	1049
3	1050	1018	1017
3	1017	1049	1050
3	1051	1019	1018
3	1018	1050	1051
3	1052	1020	1019
3	1019	1051	1052
3	1053	1021	1020
3	1020	1052	1053
3	1054	1022	1021
3	1021	1053	1054
3	1055	1023	1022
3	1022	1054	1055
3	1056	1024	1023
3	1023	1055	1056
3	1057	1025	1024
3	1024	1056	1057
3	1058	1026	1025
3	1025	1057	1058
3	1027	995	1026
3	1026	1058	1027
3	1060	1028	1027
3	1027	1059	1060
3	1061	1029	1028
3	1028	1060	1061
3	1062	1030	1029
3	1029	1061	1062
3	1063	1031	1030
3	1030	1062	1063
3	1064	1032	1031
3	1031	1063	1064
3	1065	1033	1032
3	1032	1064	1065
3	1066	1034	1033
3	1033	1065	1066
3	1067	1035	1034
3	1034	1066	1067
3	1068	1036	1035
3	1035	1067	1068
3	1069	1037	1036
3	1036	1068	1069
3	1070	1038	1037
3	1037	1069	1070
3	1071	1039	1038
3	1038	1070	1071
3	1072	1040	1039
3	1039	1071	1072
3	1073	1041	1040
3	1040	1072	1073
3	1074	1042	1041
3	1041	1073	1074
3	1075	1043	1042
3	1042	1074	1075
3	1076	1044	1043
3	1043	1075	1076
3	1077	1045	1044
3	1044	1076	1077
3	1078	1046	1045
3	1045	1077	1078
3	1079	1047	1046
3	1046	1078	1079
3	1080	1048	1047
3	1047	1079	1080
3	1081	1049	1048
3	1048	1080	1081
3	1082	1050	1049
3	1049	1081	1082
3	1083	1051	1050
3	1050	1082	1083
3	1084	1052	1051
3	1051	1083	1084
3	1085	1053	1052
3	1052	1084	1085
3	1086	1054	1053
3	1053	1085	1086
3	1087	1055	1054
3	1054	1086	1087
3	1088	1056	1055
3	1055	1087	1088
3	1089	1057	1056
3	1056	1088	1089
3	1090	1058	1057
3	1057	1089	1090
3	1059	1027	1058
3	1058	1090	1059
3	1092	1060	1059
3	1059	1091	1092
3	1093	1061	1060
3	1060	1092	1093
3	1094	1062	1061
3	1061	1093	1094
3	1095	1063	1062
3	1062	1094	1095
3	1096	1064	1063
3	1063	1095	1096
3	1097	1065	1064
3	1064	1096	1097
3	1098	1066	1065
3	1065	1097	1098
3	1099	1067	1066
3	1066	1098	1099
3	1100	1068	1067
3	1067	1099	1100
3	1101	1069	1068
3	1068	1100	1101
3	1102	1070	1069
3	1069	1101	1102
3	1103	1071	1070
3	1070	1102	1103
3	1104	1072	1071
3	1071	1103	1104
3	1105	1073	1072
3	1072	1104	1105
3	1106	1074	1073
3	1073	1105	1106
3	1107	1075	1074
3	1074	1106	1107
3	1108	1076	1075
3	1075	1107	1108
3	1109	1077	1076
3	1076	1108	1109
3	1110	1078	1077
3	1077	1109	1110
3	1111	1079	1078
3	1078	1110	1111
3	1112	1080	1079
3	1079	1111	1112
3	1113	1081	1080
3	1080	1112	1113
3	1114	1082	1081
3	1081	1113	1114
3	1115	1083	1082
3	1082	1114	1115
3	1116	1084	1083
3	1083	1115	1116
3	1117	1085	1084
3	1084	1116	1117
3	1118	1086	1085
3	1085	1117	1118
3	1119	1087	1086
3	1086	1118	1119
3	1120	1088	1087
3	1087	1119	1120
3	1121	1089	1088
3	1088	1120	1121
3	1122	1090	1089
3	1089	1121	1122
3	1091	1059	1090
3	1090	1122	1091
3	1124	1092	1091
3	1091	1123	1124
3	1125	1093	1092
3	1092	1124	1125
3	1126	1094	1093
3	1093	1125	1126
3	1127	1095	1094
3	1094	1126	1127
3	1128	1096	1095
3	1095	1127	1128
3	1129	1097	1096
3	1096	1128	1129
3	1130	1098	1097
3	1097	1129	1130
3	1131	1099	1098
3	1098	1130	1131
3	1132	1100	1099
3	1099	1131	1132
3	1133	1101	1100
3	1100	1132	1133
3	1134	1102	1101
3	1101	1133	1134
3	1135	1103	1102
3	1102	1134	1135
3	1136	1104	1103
3	1103	1135	1136
3	1137	1105	1104
3	1104	1136	1137
3	1138	1106	1105
3	1105	1137	1138
3	1139	1107	1106
3	1106	1138	1139
3	1140	1108	1107
3	1107	1139	1140
3	1141	1109	1108
3	1108	1140	1141
3	1142	1110	1109
3	1109	1141	1142
3	1143	1111	1110
3	1110	1142	1143
3	1144	1112	1111
3	1111	1143	1144
3	1145	1113	1112
3	1112	1144	1145
3	1146	1114	1113
3	1113	1145	1146
3	1147	1115	1114
3	1114	1146	1147
3	1148	1116	1115
3	1115	1147	1148
3	1149	1117	1116
3	1116	1148	1149
3	1150	1118	1117
3	1117	1149	1150
3	1151	1119	1118
3	1118	1150	1151
3	1152	1120	1119
3	1119	1151	1152
3	1153	1121	1120
3	1120	1152	1153
3	1154	1122	1121
3	1121	1153	1154
3	1123	1091	1122
3	1122	1154	1123
3	1156	1124	1123
3	1123	1155	1156
3	1157	1125	1124
3	1124	1156	1157
3	1158	1126	1125
3	1125	1157	1158
3	1159	1127	1126
3	1126	1158	1159
3	1160	1128	1127
3	1127	1159	1160
3	1161	1129	1128
3	1128	1160	1161
3	1162	1130	1129
3	1129	1161	1162
3	1163	1131	1130
3	1130	1162	1163
3	1164	1132	1131
3	1131	1163	1164
3	1165	1133	1132
3	1132	1164	1165
3	1166	1134	1133
3	1133	1165	1166
3	1167	1135	1134
3	1134	1166	1167
3	1168	1136	1135
3	1135	1167	1168
3	1169	1137	1136
3	1136	1168	1169
3	1170	1138	1137
3	1137	1169	1170
3	1171	1139	1138
3	1138	1170	1171
3	1172	1140	1139
3	1139	1171	1172
3	1173	1141	1140
3	1140	1172	1173
3	1174	1142	1141
3	1141	1173	1174
3	1175	1143	1142
3	1142	1174	1175
3	1176	1144	1143
3	1143	1175	1176
3	1177	1145	1144
3	1144	1176	1177
3	1178	1146	1145
3	1145	1177	1178
3	1179	1147	1146
3	1146	1178	1179
3	1180	1148	1147
3	1147	1179	1180
3	1181	1149	1148
3	1148	1180	1181
3	1182	1150	1149
3	1149	1181	1182
3	1183	1151	1150
3	1150	1182	1183
3	1184	1152	1151
3	1151	1183	1184
3	1185	1153	1152
3	1152	1184	1185
3	1186	1154	1153
3	1153	1185	1186
3	1155	1123	1154
3	1154	1186	1155
3	1188	1156	1155
3	1155	1187	1188
3	1189	1157	1156
3	1156	1188	1189
3	1190	1158	1157
3	1157	1189	1190
3	1191	1159	1158
3	1158	1190	1191
3	1192	1160	1159
3	1159	1191	1192
3	1193	1161	1160
3	1160	1192	1193
3	1194	1162	1161
3	1161	1193	1194
3	1195	1163	1162
3	1162	1194	1195
3	1196	1164	1163
3	1163	1195	1196
3	1197	1165	1164
3	1164	1196	1197
3	1198	1166	1165
3	1165	1197	1198
3	1199	1167	1166
3	1166	1198	1199
3	1200	1168	1167
3	1167	1199	1200
3	1201	1169	1168
3	1168	1200	1201
3	1202	1170	1169
3	1169	1201	1202
3	1203	1171	1170
3	1170	1202	1203
3	1204	1172	1171
3	1171	1203	1204
3	1205	1173	1172
3	1172	1204	1205
3	1206	1174	1173
3	1173	1205	1206
3	1207	1175	1174
3	1174	1206	1207
3	1208	1176	1175
3	1175	1207	1208
3	1209	1177	1176
3	1176	1208	1209
3	1210	1178	1177
3	1177	1209	1210
3	1211	1179	1178
3	1178	1210	1211
3	1212	1180	1179
3	1179	1211	1212
3	1213	1181	1180
3	1180	1212	1213
3	1214	1182	1181
3	1181	1213	1214
3	1215	1183	1182
3	1182	1214	1215
3	1216	1184	1183
3	1183	1215	1216
3	1217	1185	1184
3	1184	1216	1217
3	1218	1186	1185
3	1185	1217	1218
3	1187	1155	1186
3	1186	1218	1187
3	1220	1188	1187
3	1187	1219	1220
3	1221	1189	1188
3	1188	1220	1221
3	1222	1190	1189
3	1189	1221	1222
3	1223	1191	1190
3	1190	1222	1223
3	1224	1192	1191
3	1191	1223	1224
3	1225	1193	1192
3	1192	1224	1225
3	1226	1194	1193
3	1193	1225	1226
3	1227	1195	1194
3	1194	1226	1227
3	1228	1196	1195
3	1195	1227	1228
3	1229	1197	1196
3	1196	1228	1229
3	1230	1198	1197
3	1197	1229	1230
3	1231	1199	1198
3	1198	1230	1231
3	1232	1200	1199
3	1199	1231	1232
3	1233	1201	1200
3	1200	1232	1233
3	1234	1202	1201
3	1201	1233	1234
3	1235	1203	1202
3	1202	1234	1235
3	1236	1204	1203
3	1203	1235	1236
3	1237	1205	1204
3	1204	1236	1237
3	1238	1206	1205
3	1205	1237	1238
3	1239	1207	1206
3	1206	1238	1239
3	1240	1208	1207
3	1207	1239	1240
3	1241	1209	1208
3	1208	1240	1241
3	1242	1210	1209
3	1209	1241	1242
3	1243	1211	1210
3	1210	1242	1243
3	1244	1212	1211
3	1211	1243	1244
3	1245	1213	1212
3	1212	1244	1245
3	1246	1214	1213
3	1213	1245	1246
3	1247	1215	1214
3	1214	1246	1247
3	1248	1216	1215
3	1215	1247	1248
3	1249	1217	1216
3	1216	1248	1249
3	1250	1218	1217
3	1217	1249	1250
3	1219	1187	1218
3	1218	1250	1219
3	1252	1220	1219
3	1219	1251	1252
3	1253	1221	1220
3	1220	1252	1253
3	1254	1222	1221
3	1221	1253	1254
3	1255	1223	1222
3	1222	1254	1255
3	1256	1224	1223
3	1223	1255	1256
3	1257	1225	1224
3	1224	1256	1257
3	1258	1226	1225
3	1225	1257	1258
3	1259	1227	1226
3	1226	1258	1259
3	1260	1228	1227
3	1227	1259	1260
3	1261	1229	1228
3	1228	1260	1261
3	1262	1230	1229
3	1229	1261	1262
3	1263	1231	1230
3	1230	1262	1263
3	1264	1232	1231
3	1231	1263	1264
3	1265	1233	1232
3	1232	1264	1265
3	1266	1234	1233
3	1233	1265	1266
3	1267	1235	1234
3	1234	1266	1267
3	1268	1236	1235
3	1235	1267	1268
3	1269	1237	1236
3	1236	1268	1269
3	1270	1238	1237
3	1237	1269	1270
3	1271	1239	1238
3	1238	1270	1271
3	1272	1240	1239
3	1239	1271	1272
3	1273	1241	1240
3	1240	1272	1273
3	1274	1242	1241
3	1241	1273	1274
3	1275	1243	1242
3	1242	1274	1275
3	1276	1244	1243
3	1243	1275	1276
3	1277	1245	1244
3	1244	1276	1277
3	1278	1246	1245
3	1245	1277	1278
3	1279	1247	1246
3	1246	1278	1279
3	1280	1248	1247
3	1247	1279	1280
3	1281	1249	1248
3	1248	1280	1281
3	1282	1250	1249
3	1249	1281	1282
3	1251	1219	1250
3	1250	1282	1251
3	1284	1252	1251
3	1251	1283	1284
3	1285	1253	1252
3	1252	1284	1285
3	1286	1254	1253
3	1253	1285	1286
3	1287	1255	1254
3	1254	1286	1287
3	1288	1256	1255
3	1255	1287	1288
3	1289	1257	1256
3	1256	1288	1289
3	1290	1258	1257
3	1257	1289	1290
3	1291	1259	1258
3	1258	1290	1291
3	1292	1260	1259
3	1259	1291	1292
3	1293	1261	1260
3	1260	1292	1293
3	1294	1262	1261
3	1261	1293	1294
3	1295	1263	1262
3	1262	1294	1295
3	1296	1264	1263
3	1263	1295	1296
3	1297	1265	1264
3	1264	1296	1297
3	1298	1266	1265
3	1265	1297	1298
3	1299	1267	1266
3	1266	1298	1299
3	1300	1268	1267
3	1267	1299	1300
3	1301	1269	1268
3	1268	1300	1301
3	1302	1270	1269
3	1269	1301	1302
3	1303	1271	1270
3	1270	1302	1303
3	1304	1272	1271
3	1271	1303	1304
3	1305	1273	1272
3	1272	1304	1305
3	1306	1274	1273
3	1273	1305	1306
3	1307	1275	1274
3	1274	1306	1307
3	1308	1276	1275
3	1275	1307	1308
3	1309	1277	1276
3	1276	1308	1309
3	1310	1278	1277
3	1277	1309	1310
3	1311	1279	1278
3	1278	1310	1311
3	1312	1280	1279
3	1279	1311	1312
3	1313	1281	1280
3	1280	1312	1313
3	1314	1282	1281
3	1281	1313	1314
3	1283	1251	1282
3	1282	1314	1283
3	1316	1284	1283
3	1283	1315	1316
3	1317	1285	1284
3	1284	1316	1317
3	1318	1286	1285
3	1285	1317	1318
3	1319	1287	1286
3	1286	1318	1319
3	1320	1288	1287
3	1287	1319	1320
3	1321	1289	1288
3	1288	1320	1321
3	1322	1290	1289
3	1289	1321	1322
3	1323	1291	1290
3	1290	1322	1323
3	1324	1292	1291
3	1291	1323	1324
3	1325	1293	1292
3	1292	1324	1325
3	1326	1294	1293
3	1293	1325	1326
3	1327	1295	1294
3	1294	1326	1327
3	1328	1296	1295
3	1295	1327	1328
3	1329	1297	1296
3	1296	1328	1329
3	1330	1298	1297
3	1297	1329	1330
3	1331	1299	1298
3	1298	1330	1331
3	1332	1300	1299
3	1299	1331	1332
3	1333	1301	1300
3	1300	1332	1333
3	1334	1302	1301
3	1301	1333	1334
3	1335	1303	1302
3	1302	1334	1335
3	1336	1304	1303
3	1303	1335	1336
3	1337	1305	1304
3	1304	1336	1337
3	1338	1306	1305
3	1305	1337	1338
3	1339	1307	1306
3	1306	1338	1339
3	1340	1308	1307
3	1307	1339	1340
3	1341	1309	1308
3	1308	1340	1341
3	1342	1310	1309
3	1309	1341	1342
3	1343	1311	1310
3	1310	1342	1343
3	1344	1312	1311
3	1311	1343	1344
3	1345	1313	1312
3	1312	1344	1345
3	1346	1314	1313
3	1313	1345	1346
3	1315	1283	1314
3	1314	1346	1315
3	1348	1316	1315
3	1315	1347	1348
3	1349	1317	1316
3	1316	1348	1349
3	1350	1318	1317
3	1317	1349	1350
3	1351	1319	1318
3	1318	1350	1351
3	1352	1320	1319
3	1319	1351	1352
3	1353	1321	1320
3	1320	1352	1353
3	1354	1322	1321
3	1321	1353	1354
3	1355	1323	1322
3	1322	1354	1355
3	1356	1324	1323
3	1323	1355	1356
3	1357	1325	1324
3	1324	1356	1357
3	1358	1326	1325
3	1325	1357	1358
3	1359	1327	1326
3	1326	1358	1359
3	1360	1328	1327
3	1327	1359	1360
3	1361	1329	1328
3	1328	1360	1361
3	1362	1330	1329
3	1329	1361	1362
3	1363	1331	1330
3	1330	1362	1363
3	1364	1332	1331
3	1331	1363	1364
3	1365	1333	1332
3	1332	1364	1365
3	1366	1334	1333
3	1333	1365	1366
3	1367	1335	1334
3	1334	1366	1367
3	1368	1336	1335
3	1335	1367	1368
3	1369	1337	1336
3	1336	1368	1369
3	1370	1338	1337
3	1337	1369	1370
3	1371	1339	1338
3	1338	1370	1371
3	1372	1340	1339
3	1339	1371	1372
3	1373	1341	1340
3	1340	1372	1373
3	1374	1342	1341
3	1341	1373	1374
3	1375	1343	1342
3	1342	1374	1375
3	1376	1344	1343
3	1343	1375	1376
3	1377	1345	1344
3	1344	1376	1377
3	1378	1346	1345
3	1345	1377	1378
3	1347	1315	1346
3	1346	1378	1347
3	1379	1348	1347
3	1379	1349	1348
3	1379	1350	1349
3	1379	1351	1350
3	1379	1352	1351
3	1379	1353	1352
3	1379	1354	1353
3	1379	1355	1354
3	1379	1356	1355
3	1379	1357	1356
3	1379	1358	1357
3	1379	1359	1358
3	1379	1360	1359
3	1379	1361	1360
3	1379	1362	1361
3	1379	1363	1362
3	1379	1364	1363
3	1379	1365	1364
3	1379	1366	1365
3	1379	1367	1366
3	1379	1368	1367
3	1379	1369	1368
3	1379	1370	1369
3	1379	1371	1370
3	1379	1372	1371
3	1379	1373	1372
3	1379	1374	1373
3	1379	1375	1374
3	1379	1376	1375
3	1379	1377	1376
3	1379	1378	1377
3	1379	1347	1378
