data 904 879
   -0.724786     0.011903     0.113207
   -0.382714     0.017368     0.287664
   -0.347195    -0.092007     0.271198
    0.339134    -0.092007     0.270108
   -0.784694    -0.031847     0.271892
   -0.617921    -0.089272     0.255222
   -0.522169     0.014633     0.287885
   -0.803839     0.077528     0.269188
   -0.453809     0.145883     0.287777
     0.41299     0.041978     0.286396
    0.566111     0.041978     0.283423
    0.601608    -0.078332     0.253287
    0.678181    -0.056457     0.258635
    0.691851     0.110338     0.258613
     0.28994     0.132213     0.286596
    0.191397     0.274403     0.218393
      0.1723     0.260728     0.245763
    0.013667     0.293543      0.22141
   -0.281657     0.266198     0.216409
   -0.205035     0.241588     0.251832
   -0.262413     0.145883     0.282003
   -0.303428     0.102133     0.282068
   -0.016313     0.080258     0.284347
    0.677326    -0.056457    -0.280039
    0.600775    -0.078332    -0.271713
    0.562438     0.041978    -0.307197
    0.690996     0.110338    -0.280061
    0.412048     0.041978    -0.306958
    0.338249    -0.092007    -0.287701
    -0.34808    -0.092007    -0.286612
   -0.383651     0.017368     -0.30296
   -0.523106     0.014633    -0.302739
    -0.61875    -0.089272    -0.267042
    -0.78284    -0.031847    -0.283186
   -0.804715     0.077528    -0.283152
   -0.454746     0.145883    -0.302847
   -0.017251     0.080258    -0.306277
   -0.282395     0.266198    -0.248436
   -0.205869     0.241588    -0.273167
    0.012916     0.293543     -0.25164
    0.190659     0.274403    -0.246452
     0.17148     0.260728    -0.271031
    0.237049     0.132213     -0.30668
    0.289003     0.132213    -0.304033
   -0.304361     0.102133    -0.305821
    0.237982     0.132213     0.281209
   -0.054593     0.121278     0.284408
   -0.263346     0.145883    -0.305886
   -0.055531     0.121278    -0.306216
    0.005488     0.268933     0.237828
    0.004685     0.271668    -0.268032
   -0.382714     0.017368     0.287664
   -0.347195    -0.092007     0.271198
    0.339134    -0.092007     0.270108
   -0.784694    -0.031847     0.271892
   -0.617921    -0.089272     0.255222
   -0.522169     0.014633     0.287885
     0.41299     0.041978     0.286396
    0.566111     0.041978     0.283423
    0.601608    -0.078332     0.253287
    0.678181    -0.056457     0.258635
    0.677326    -0.056457    -0.280039
    0.600775    -0.078332    -0.271713
    0.562438     0.041978    -0.307197
    0.412048     0.041978    -0.306958
    0.338249    -0.092007    -0.287701
    -0.34808    -0.092007    -0.286612
   -0.383651     0.017368     -0.30296
   -0.523106     0.014633    -0.302739
    -0.61875    -0.089272    -0.267042
    -0.78284    -0.031847    -0.283186
   -0.809556     0.055653     0.113341
   -0.722056     0.055653     0.113203
   -0.724786     0.011903     0.113207
   -0.809556     0.011903     0.113341
   -0.809369     0.011903     0.230916
   -0.724599     0.011903     0.230782
    -0.72187     0.055653     0.230777
   -0.809369     0.055653     0.230916
   -0.807407     0.011903    -0.255807
   -0.807407     0.055653    -0.255807
   -0.722642     0.055653    -0.255942
   -0.722642     0.011903    -0.255942
   -0.807216     0.011903    -0.135493
   -0.722451     0.011903    -0.135627
   -0.722451     0.055653    -0.135627
   -0.807216     0.055653    -0.135493
   -0.814756    -0.056457     0.280145
   -0.814761    -0.001772      0.27741
   -0.815663    -0.001772    -0.291339
   -0.815663    -0.056457    -0.291339
   -0.721791    -0.056457     0.279997
   -0.719963    -0.056457    -0.291491
   -0.719963    -0.001772    -0.291491
   -0.721791    -0.001772     0.279997
    0.628992    -0.045522     0.277853
    0.628987     0.009168     0.275118
    0.628085     0.009168    -0.293631
    0.628085    -0.045522    -0.293631
    0.721962    -0.045522     0.277706
    0.723785    -0.045522    -0.293783
    0.723785     0.009168    -0.293783
    0.721962     0.009168     0.277706
    0.620605     0.025573     0.163021
    0.620605     0.093933     0.163021
     0.70537     0.093933     0.162887
    0.702635     0.025573     0.162891
    0.620726     0.025573     0.239586
    0.702756     0.025573     0.239456
    0.705491     0.093933     0.239452
    0.620726     0.093933     0.239586
    0.622658     0.022838    -0.266277
    0.622658     0.093933    -0.266277
    0.707423     0.093933    -0.266412
    0.704688     0.022838    -0.266408
     0.62278     0.022838    -0.189718
     0.70481     0.022838    -0.189848
    0.707545     0.093933    -0.189852
     0.62278     0.093933    -0.189718
   -0.809556     0.055653     0.113341
   -0.724786     0.011903     0.113207
   -0.809556     0.011903     0.113341
   -0.809369     0.011903     0.230916
   -0.809369     0.055653     0.230916
   -0.807407     0.011903    -0.255807
   -0.807407     0.055653    -0.255807
   -0.807216     0.011903    -0.135493
   -0.807216     0.055653    -0.135493
     0.70537     0.093933     0.162887
    0.702635     0.025573     0.162891
    0.702756     0.025573     0.239456
    0.705491     0.093933     0.239452
    0.707423     0.093933    -0.266412
    0.704688     0.022838    -0.266408
     0.70481     0.022838    -0.189848
    0.707545     0.093933    -0.189852
    0.430408        -0.06         0.27
    0.430408        -0.06         0.23
    0.423305        -0.06     0.223334
     0.41519        -0.06     0.220676
    0.400424        -0.06     0.219167
    0.387143        -0.06        0.225
    0.381977        -0.06     0.228333
    0.381977        -0.06     0.271667
    0.387143        -0.06        0.275
    0.400424        -0.06     0.280833
     0.41519        -0.06     0.279324
    0.423305        -0.06     0.276666
    0.434665      -0.0386         0.27
    0.434665      -0.0386         0.23
    0.428102    -0.035882     0.223334
    0.420605    -0.032777     0.220676
    0.406963    -0.027126     0.219167
    0.394693    -0.022044        0.225
    0.389921    -0.020067     0.228333
    0.389921    -0.020067     0.271667
    0.394693    -0.022044        0.275
    0.406963    -0.027126     0.280833
    0.420605    -0.032777     0.279324
    0.428102    -0.035882     0.276666
    0.446787    -0.020459         0.27
    0.446787    -0.020459         0.23
    0.441764    -0.015436     0.223334
    0.436026    -0.009698     0.220676
    0.425585     0.000743     0.219167
    0.416194     0.010134        0.225
    0.412541     0.013787     0.228333
    0.412541     0.013787     0.271667
    0.416194     0.010134        0.275
    0.425585     0.000743     0.280833
    0.436026    -0.009698     0.279324
    0.441764    -0.015436     0.276666
    0.464928    -0.008337         0.27
    0.464928    -0.008337         0.23
     0.46221    -0.001774     0.223334
    0.459105     0.005723     0.220676
    0.453454     0.019365     0.219167
    0.448372     0.031635        0.225
    0.446395     0.036407     0.228333
    0.446395     0.036407     0.271667
    0.448372     0.031635        0.275
    0.453454     0.019365     0.280833
    0.459105     0.005723     0.279324
     0.46221    -0.001774     0.276666
    0.486328     -0.00408         0.27
    0.486328     -0.00408         0.23
    0.486328     0.003023     0.223334
    0.486328     0.011138     0.220676
    0.486328     0.025904     0.219167
    0.486328     0.039185        0.225
    0.486328     0.044351     0.228333
    0.486328     0.044351     0.271667
    0.486328     0.039185        0.275
    0.486328     0.025904     0.280833
    0.486328     0.011138     0.279324
    0.486328     0.003023     0.276666
    0.507728    -0.008337         0.27
    0.507728    -0.008337         0.23
    0.510446    -0.001774     0.223334
    0.513551     0.005723     0.220676
    0.519202     0.019365     0.219167
    0.524284     0.031635        0.225
    0.526261     0.036407     0.228333
    0.526261     0.036407     0.271667
    0.524284     0.031635        0.275
    0.519202     0.019365     0.280833
    0.513551     0.005723     0.279324
    0.510446    -0.001774     0.276666
    0.525869    -0.020459         0.27
    0.525869    -0.020459         0.23
    0.530892    -0.015436     0.223334
     0.53663    -0.009698     0.220676
    0.547071     0.000743     0.219167
    0.556462     0.010134        0.225
    0.560115     0.013787     0.228333
    0.560115     0.013787     0.271667
    0.556462     0.010134        0.275
    0.547071     0.000743     0.280833
     0.53663    -0.009698     0.279324
    0.530892    -0.015436     0.276666
    0.537991      -0.0386         0.27
    0.537991      -0.0386         0.23
    0.544554    -0.035882     0.223334
    0.552051    -0.032777     0.220676
    0.565693    -0.027126     0.219167
    0.577963    -0.022044        0.225
    0.582735    -0.020067     0.228333
    0.582735    -0.020067     0.271667
    0.577963    -0.022044        0.275
    0.565693    -0.027126     0.280833
    0.552051    -0.032777     0.279324
    0.544554    -0.035882     0.276666
    0.542248        -0.06         0.27
    0.542248        -0.06         0.23
    0.549351        -0.06     0.223334
    0.557466        -0.06     0.220676
    0.572232        -0.06     0.219167
    0.585513        -0.06        0.225
    0.590679        -0.06     0.228333
    0.590679        -0.06     0.271667
    0.585513        -0.06        0.275
    0.572232        -0.06     0.280833
    0.557466        -0.06     0.279324
    0.549351        -0.06     0.276666
    0.537991      -0.0814         0.27
    0.537991      -0.0814         0.23
    0.544554    -0.084118     0.223334
    0.552051    -0.087223     0.220676
    0.565693    -0.092874     0.219167
    0.577963    -0.097956        0.225
    0.582735    -0.099933     0.228333
    0.582735    -0.099933     0.271667
    0.577963    -0.097956        0.275
    0.565693    -0.092874     0.280833
    0.552051    -0.087223     0.279324
    0.544554    -0.084118     0.276666
    0.525869    -0.099542         0.27
    0.525869    -0.099542         0.23
    0.530892    -0.104564     0.223334
     0.53663    -0.110302     0.220676
    0.547071    -0.120743     0.219167
    0.556462    -0.130134        0.225
    0.560115    -0.133787     0.228333
    0.560115    -0.133787     0.271667
    0.556462    -0.130134        0.275
    0.547071    -0.120743     0.280833
     0.53663    -0.110302     0.279324
    0.530892    -0.104564     0.276666
    0.507728    -0.111663         0.27
    0.507728    -0.111663         0.23
    0.510446    -0.118226     0.223334
    0.513551    -0.125723     0.220676
    0.519202    -0.139365     0.219167
    0.524284    -0.151635        0.225
    0.526261    -0.156407     0.228333
    0.526261    -0.156407     0.271667
    0.524284    -0.151635        0.275
    0.519202    -0.139365     0.280833
    0.513551    -0.125723     0.279324
    0.510446    -0.118226     0.276666
    0.486328     -0.11592         0.27
    0.486328     -0.11592         0.23
    0.486328    -0.123023     0.223334
    0.486328    -0.131138     0.220676
    0.486328    -0.145904     0.219167
    0.486328    -0.159185        0.225
    0.486328    -0.164351     0.228333
    0.486328    -0.164351     0.271667
    0.486328    -0.159185        0.275
    0.486328    -0.145904     0.280833
    0.486328    -0.131138     0.279324
    0.486328    -0.123023     0.276666
    0.464928    -0.111663         0.27
    0.464928    -0.111663         0.23
     0.46221    -0.118226     0.223334
    0.459105    -0.125723     0.220676
    0.453454    -0.139365     0.219167
    0.448372    -0.151635        0.225
    0.446395    -0.156407     0.228333
    0.446395    -0.156407     0.271667
    0.448372    -0.151635        0.275
    0.453454    -0.139365     0.280833
    0.459105    -0.125723     0.279324
     0.46221    -0.118226     0.276666
    0.446787    -0.099542         0.27
    0.446787    -0.099542         0.23
    0.441764    -0.104564     0.223334
    0.436026    -0.110302     0.220676
    0.425585    -0.120743     0.219167
    0.416194    -0.130134        0.225
    0.412541    -0.133787     0.228333
    0.412541    -0.133787     0.271667
    0.416194    -0.130134        0.275
    0.425585    -0.120743     0.280833
    0.436026    -0.110302     0.279324
    0.441764    -0.104564     0.276666
    0.434665      -0.0814         0.27
    0.434665      -0.0814         0.23
    0.428102    -0.084118     0.223334
    0.420605    -0.087223     0.220676
    0.406963    -0.092874     0.219167
    0.394693    -0.097956        0.225
    0.389921    -0.099933     0.228333
    0.389921    -0.099933     0.271667
    0.394693    -0.097956        0.275
    0.406963    -0.092874     0.280833
    0.420605    -0.087223     0.279324
    0.428102    -0.084118     0.276666
    0.430408        -0.06        -0.23
    0.430408        -0.06        -0.27
    0.423305        -0.06    -0.276666
     0.41519        -0.06    -0.279324
    0.400424        -0.06    -0.280833
    0.387143        -0.06       -0.275
    0.381977        -0.06    -0.271667
    0.381977        -0.06    -0.228333
    0.387143        -0.06       -0.225
    0.400424        -0.06    -0.219167
     0.41519        -0.06    -0.220676
    0.423305        -0.06    -0.223334
    0.434665      -0.0386        -0.23
    0.434665      -0.0386        -0.27
    0.428102    -0.035882    -0.276666
    0.420605    -0.032777    -0.279324
    0.406963    -0.027126    -0.280833
    0.394693    -0.022044       -0.275
    0.389921    -0.020067    -0.271667
    0.389921    -0.020067    -0.228333
    0.394693    -0.022044       -0.225
    0.406963    -0.027126    -0.219167
    0.420605    -0.032777    -0.220676
    0.428102    -0.035882    -0.223334
    0.446787    -0.020459        -0.23
    0.446787    -0.020459        -0.27
    0.441764    -0.015436    -0.276666
    0.436026    -0.009698    -0.279324
    0.425585     0.000743    -0.280833
    0.416194     0.010134       -0.275
    0.412541     0.013787    -0.271667
    0.412541     0.013787    -0.228333
    0.416194     0.010134       -0.225
    0.425585     0.000743    -0.219167
    0.436026    -0.009698    -0.220676
    0.441764    -0.015436    -0.223334
    0.464928    -0.008337        -0.23
    0.464928    -0.008337        -0.27
     0.46221    -0.001774    -0.276666
    0.459105     0.005723    -0.279324
    0.453454     0.019365    -0.280833
    0.448372     0.031635       -0.275
    0.446395     0.036407    -0.271667
    0.446395     0.036407    -0.228333
    0.448372     0.031635       -0.225
    0.453454     0.019365    -0.219167
    0.459105     0.005723    -0.220676
     0.46221    -0.001774    -0.223334
    0.486328     -0.00408        -0.23
    0.486328     -0.00408        -0.27
    0.486328     0.003023    -0.276666
    0.486328     0.011138    -0.279324
    0.486328     0.025904    -0.280833
    0.486328     0.039185       -0.275
    0.486328     0.044351    -0.271667
    0.486328     0.044351    -0.228333
    0.486328     0.039185       -0.225
    0.486328     0.025904    -0.219167
    0.486328     0.011138    -0.220676
    0.486328     0.003023    -0.223334
    0.507728    -0.008337        -0.23
    0.507728    -0.008337        -0.27
    0.510446    -0.001774    -0.276666
    0.513551     0.005723    -0.279324
    0.519202     0.019365    -0.280833
    0.524284     0.031635       -0.275
    0.526261     0.036407    -0.271667
    0.526261     0.036407    -0.228333
    0.524284     0.031635       -0.225
    0.519202     0.019365    -0.219167
    0.513551     0.005723    -0.220676
    0.510446    -0.001774    -0.223334
    0.525869    -0.020459        -0.23
    0.525869    -0.020459        -0.27
    0.530892    -0.015436    -0.276666
     0.53663    -0.009698    -0.279324
    0.547071     0.000743    -0.280833
    0.556462     0.010134       -0.275
    0.560115     0.013787    -0.271667
    0.560115     0.013787    -0.228333
    0.556462     0.010134       -0.225
    0.547071     0.000743    -0.219167
     0.53663    -0.009698    -0.220676
    0.530892    -0.015436    -0.223334
    0.537991      -0.0386        -0.23
    0.537991      -0.0386        -0.27
    0.544554    -0.035882    -0.276666
    0.552051    -0.032777    -0.279324
    0.565693    -0.027126    -0.280833
    0.577963    -0.022044       -0.275
    0.582735    -0.020067    -0.271667
    0.582735    -0.020067    -0.228333
    0.577963    -0.022044       -0.225
    0.565693    -0.027126    -0.219167
    0.552051    -0.032777    -0.220676
    0.544554    -0.035882    -0.223334
    0.542248        -0.06        -0.23
    0.542248        -0.06        -0.27
    0.549351        -0.06    -0.276666
    0.557466        -0.06    -0.279324
    0.572232        -0.06    -0.280833
    0.585513        -0.06       -0.275
    0.590679        -0.06    -0.271667
    0.590679        -0.06    -0.228333
    0.585513        -0.06       -0.225
    0.572232        -0.06    -0.219167
    0.557466        -0.06    -0.220676
    0.549351        -0.06    -0.223334
    0.537991      -0.0814        -0.23
    0.537991      -0.0814        -0.27
    0.544554    -0.084118    -0.276666
    0.552051    -0.087223    -0.279324
    0.565693    -0.092874    -0.280833
    0.577963    -0.097956       -0.275
    0.582735    -0.099933    -0.271667
    0.582735    -0.099933    -0.228333
    0.577963    -0.097956       -0.225
    0.565693    -0.092874    -0.219167
    0.552051    -0.087223    -0.220676
    0.544554    -0.084118    -0.223334
    0.525869    -0.099542        -0.23
    0.525869    -0.099542        -0.27
    0.530892    -0.104564    -0.276666
     0.53663    -0.110302    -0.279324
    0.547071    -0.120743    -0.280833
    0.556462    -0.130134       -0.275
    0.560115    -0.133787    -0.271667
    0.560115    -0.133787    -0.228333
    0.556462    -0.130134       -0.225
    0.547071    -0.120743    -0.219167
     0.53663    -0.110302    -0.220676
    0.530892    -0.104564    -0.223334
    0.507728    -0.111663        -0.23
    0.507728    -0.111663        -0.27
    0.510446    -0.118226    -0.276666
    0.513551    -0.125723    -0.279324
    0.519202    -0.139365    -0.280833
    0.524284    -0.151635       -0.275
    0.526261    -0.156407    -0.271667
    0.526261    -0.156407    -0.228333
    0.524284    -0.151635       -0.225
    0.519202    -0.139365    -0.219167
    0.513551    -0.125723    -0.220676
    0.510446    -0.118226    -0.223334
    0.486328     -0.11592        -0.23
    0.486328     -0.11592        -0.27
    0.486328    -0.123023    -0.276666
    0.486328    -0.131138    -0.279324
    0.486328    -0.145904    -0.280833
    0.486328    -0.159185       -0.275
    0.486328    -0.164351    -0.271667
    0.486328    -0.164351    -0.228333
    0.486328    -0.159185       -0.225
    0.486328    -0.145904    -0.219167
    0.486328    -0.131138    -0.220676
    0.486328    -0.123023    -0.223334
    0.464928    -0.111663        -0.23
    0.464928    -0.111663        -0.27
     0.46221    -0.118226    -0.276666
    0.459105    -0.125723    -0.279324
    0.453454    -0.139365    -0.280833
    0.448372    -0.151635       -0.275
    0.446395    -0.156407    -0.271667
    0.446395    -0.156407    -0.228333
    0.448372    -0.151635       -0.225
    0.453454    -0.139365    -0.219167
    0.459105    -0.125723    -0.220676
     0.46221    -0.118226    -0.223334
    0.446787    -0.099542        -0.23
    0.446787    -0.099542        -0.27
    0.441764    -0.104564    -0.276666
    0.436026    -0.110302    -0.279324
    0.425585    -0.120743    -0.280833
    0.416194    -0.130134       -0.275
    0.412541    -0.133787    -0.271667
    0.412541    -0.133787    -0.228333
    0.416194    -0.130134       -0.225
    0.425585    -0.120743    -0.219167
    0.436026    -0.110302    -0.220676
    0.441764    -0.104564    -0.223334
    0.434665      -0.0814        -0.23
    0.434665      -0.0814        -0.27
    0.428102    -0.084118    -0.276666
    0.420605    -0.087223    -0.279324
    0.406963    -0.092874    -0.280833
    0.394693    -0.097956       -0.275
    0.389921    -0.099933    -0.271667
    0.389921    -0.099933    -0.228333
    0.394693    -0.097956       -0.225
    0.406963    -0.092874    -0.219167
    0.420605    -0.087223    -0.220676
    0.428102    -0.084118    -0.223334
   -0.530842        -0.06         0.27
   -0.530842        -0.06         0.23
   -0.537945        -0.06     0.223334
    -0.54606        -0.06     0.220676
   -0.560826        -0.06     0.219167
   -0.574107        -0.06        0.225
   -0.579273        -0.06     0.228333
   -0.579273        -0.06     0.271667
   -0.574107        -0.06        0.275
   -0.560826        -0.06     0.280833
    -0.54606        -0.06     0.279324
   -0.537945        -0.06     0.276666
   -0.526585      -0.0386         0.27
   -0.526585      -0.0386         0.23
   -0.533148    -0.035882     0.223334
   -0.540645    -0.032777     0.220676
   -0.554287    -0.027126     0.219167
   -0.566557    -0.022044        0.225
   -0.571329    -0.020067     0.228333
   -0.571329    -0.020067     0.271667
   -0.566557    -0.022044        0.275
   -0.554287    -0.027126     0.280833
   -0.540645    -0.032777     0.279324
   -0.533148    -0.035882     0.276666
   -0.514463    -0.020459         0.27
   -0.514463    -0.020459         0.23
   -0.519486    -0.015436     0.223334
   -0.525224    -0.009698     0.220676
   -0.535665     0.000743     0.219167
   -0.545056     0.010134        0.225
   -0.548709     0.013787     0.228333
   -0.548709     0.013787     0.271667
   -0.545056     0.010134        0.275
   -0.535665     0.000743     0.280833
   -0.525224    -0.009698     0.279324
   -0.519486    -0.015436     0.276666
   -0.496322    -0.008337         0.27
   -0.496322    -0.008337         0.23
    -0.49904    -0.001774     0.223334
   -0.502145     0.005723     0.220676
   -0.507796     0.019365     0.219167
   -0.512878     0.031635        0.225
   -0.514855     0.036407     0.228333
   -0.514855     0.036407     0.271667
   -0.512878     0.031635        0.275
   -0.507796     0.019365     0.280833
   -0.502145     0.005723     0.279324
    -0.49904    -0.001774     0.276666
   -0.474922     -0.00408         0.27
   -0.474922     -0.00408         0.23
   -0.474922     0.003023     0.223334
   -0.474922     0.011138     0.220676
   -0.474922     0.025904     0.219167
   -0.474922     0.039185        0.225
   -0.474922     0.044351     0.228333
   -0.474922     0.044351     0.271667
   -0.474922     0.039185        0.275
   -0.474922     0.025904     0.280833
   -0.474922     0.011138     0.279324
   -0.474922     0.003023     0.276666
   -0.453522    -0.008337         0.27
   -0.453522    -0.008337         0.23
   -0.450804    -0.001774     0.223334
   -0.447699     0.005723     0.220676
   -0.442048     0.019365     0.219167
   -0.436966     0.031635        0.225
   -0.434989     0.036407     0.228333
   -0.434989     0.036407     0.271667
   -0.436966     0.031635        0.275
   -0.442048     0.019365     0.280833
   -0.447699     0.005723     0.279324
   -0.450804    -0.001774     0.276666
   -0.435381    -0.020459         0.27
   -0.435381    -0.020459         0.23
   -0.430358    -0.015436     0.223334
    -0.42462    -0.009698     0.220676
   -0.414179     0.000743     0.219167
   -0.404788     0.010134        0.225
   -0.401135     0.013787     0.228333
   -0.401135     0.013787     0.271667
   -0.404788     0.010134        0.275
   -0.414179     0.000743     0.280833
    -0.42462    -0.009698     0.279324
   -0.430358    -0.015436     0.276666
   -0.423259      -0.0386         0.27
   -0.423259      -0.0386         0.23
   -0.416696    -0.035882     0.223334
   -0.409199    -0.032777     0.220676
   -0.395557    -0.027126     0.219167
   -0.383287    -0.022044        0.225
   -0.378515    -0.020067     0.228333
   -0.378515    -0.020067     0.271667
   -0.383287    -0.022044        0.275
   -0.395557    -0.027126     0.280833
   -0.409199    -0.032777     0.279324
   -0.416696    -0.035882     0.276666
   -0.419002        -0.06         0.27
   -0.419002        -0.06         0.23
   -0.411899        -0.06     0.223334
   -0.403784        -0.06     0.220676
   -0.389018        -0.06     0.219167
   -0.375737        -0.06        0.225
   -0.370571        -0.06     0.228333
   -0.370571        -0.06     0.271667
   -0.375737        -0.06        0.275
   -0.389018        -0.06     0.280833
   -0.403784        -0.06     0.279324
   -0.411899        -0.06     0.276666
   -0.423259      -0.0814         0.27
   -0.423259      -0.0814         0.23
   -0.416696    -0.084118     0.223334
   -0.409199    -0.087223     0.220676
   -0.395557    -0.092874     0.219167
   -0.383287    -0.097956        0.225
   -0.378515    -0.099933     0.228333
   -0.378515    -0.099933     0.271667
   -0.383287    -0.097956        0.275
   -0.395557    -0.092874     0.280833
   -0.409199    -0.087223     0.279324
   -0.416696    -0.084118     0.276666
   -0.435381    -0.099542         0.27
   -0.435381    -0.099542         0.23
   -0.430358    -0.104564     0.223334
    -0.42462    -0.110302     0.220676
   -0.414179    -0.120743     0.219167
   -0.404788    -0.130134        0.225
   -0.401135    -0.133787     0.228333
   -0.401135    -0.133787     0.271667
   -0.404788    -0.130134        0.275
   -0.414179    -0.120743     0.280833
    -0.42462    -0.110302     0.279324
   -0.430358    -0.104564     0.276666
   -0.453522    -0.111663         0.27
   -0.453522    -0.111663         0.23
   -0.450804    -0.118226     0.223334
   -0.447699    -0.125723     0.220676
   -0.442048    -0.139365     0.219167
   -0.436966    -0.151635        0.225
   -0.434989    -0.156407     0.228333
   -0.434989    -0.156407     0.271667
   -0.436966    -0.151635        0.275
   -0.442048    -0.139365     0.280833
   -0.447699    -0.125723     0.279324
   -0.450804    -0.118226     0.276666
   -0.474922     -0.11592         0.27
   -0.474922     -0.11592         0.23
   -0.474922    -0.123023     0.223334
   -0.474922    -0.131138     0.220676
   -0.474922    -0.145904     0.219167
   -0.474922    -0.159185        0.225
   -0.474922    -0.164351     0.228333
   -0.474922    -0.164351     0.271667
   -0.474922    -0.159185        0.275
   -0.474922    -0.145904     0.280833
   -0.474922    -0.131138     0.279324
   -0.474922    -0.123023     0.276666
   -0.496322    -0.111663         0.27
   -0.496322    -0.111663         0.23
    -0.49904    -0.118226     0.223334
   -0.502145    -0.125723     0.220676
   -0.507796    -0.139365     0.219167
   -0.512878    -0.151635        0.225
   -0.514855    -0.156407     0.228333
   -0.514855    -0.156407     0.271667
   -0.512878    -0.151635        0.275
   -0.507796    -0.139365     0.280833
   -0.502145    -0.125723     0.279324
    -0.49904    -0.118226     0.276666
   -0.514463    -0.099542         0.27
   -0.514463    -0.099542         0.23
   -0.519486    -0.104564     0.223334
   -0.525224    -0.110302     0.220676
   -0.535665    -0.120743     0.219167
   -0.545056    -0.130134        0.225
   -0.548709    -0.133787     0.228333
   -0.548709    -0.133787     0.271667
   -0.545056    -0.130134        0.275
   -0.535665    -0.120743     0.280833
   -0.525224    -0.110302     0.279324
   -0.519486    -0.104564     0.276666
   -0.526585      -0.0814         0.27
   -0.526585      -0.0814         0.23
   -0.533148    -0.084118     0.223334
   -0.540645    -0.087223     0.220676
   -0.554287    -0.092874     0.219167
   -0.566557    -0.097956        0.225
   -0.571329    -0.099933     0.228333
   -0.571329    -0.099933     0.271667
   -0.566557    -0.097956        0.275
   -0.554287    -0.092874     0.280833
   -0.540645    -0.087223     0.279324
   -0.533148    -0.084118     0.276666
   -0.530842        -0.06        -0.23
   -0.530842        -0.06        -0.27
   -0.537945        -0.06    -0.276666
    -0.54606        -0.06    -0.279324
   -0.560826        -0.06    -0.280833
   -0.574107        -0.06       -0.275
   -0.579273        -0.06    -0.271667
   -0.579273        -0.06    -0.228333
   -0.574107        -0.06       -0.225
   -0.560826        -0.06    -0.219167
    -0.54606        -0.06    -0.220676
   -0.537945        -0.06    -0.223334
   -0.526585      -0.0386        -0.23
   -0.526585      -0.0386        -0.27
   -0.533148    -0.035882    -0.276666
   -0.540645    -0.032777    -0.279324
   -0.554287    -0.027126    -0.280833
   -0.566557    -0.022044       -0.275
   -0.571329    -0.020067    -0.271667
   -0.571329    -0.020067    -0.228333
   -0.566557    -0.022044       -0.225
   -0.554287    -0.027126    -0.219167
   -0.540645    -0.032777    -0.220676
   -0.533148    -0.035882    -0.223334
   -0.514463    -0.020459        -0.23
   -0.514463    -0.020459        -0.27
   -0.519486    -0.015436    -0.276666
   -0.525224    -0.009698    -0.279324
   -0.535665     0.000743    -0.280833
   -0.545056     0.010134       -0.275
   -0.548709     0.013787    -0.271667
   -0.548709     0.013787    -0.228333
   -0.545056     0.010134       -0.225
   -0.535665     0.000743    -0.219167
   -0.525224    -0.009698    -0.220676
   -0.519486    -0.015436    -0.223334
   -0.496322    -0.008337        -0.23
   -0.496322    -0.008337        -0.27
    -0.49904    -0.001774    -0.276666
   -0.502145     0.005723    -0.279324
   -0.507796     0.019365    -0.280833
   -0.512878     0.031635       -0.275
   -0.514855     0.036407    -0.271667
   -0.514855     0.036407    -0.228333
   -0.512878     0.031635       -0.225
   -0.507796     0.019365    -0.219167
   -0.502145     0.005723    -0.220676
    -0.49904    -0.001774    -0.223334
   -0.474922     -0.00408        -0.23
   -0.474922     -0.00408        -0.27
   -0.474922     0.003023    -0.276666
   -0.474922     0.011138    -0.279324
   -0.474922     0.025904    -0.280833
   -0.474922     0.039185       -0.275
   -0.474922     0.044351    -0.271667
   -0.474922     0.044351    -0.228333
   -0.474922     0.039185       -0.225
   -0.474922     0.025904    -0.219167
   -0.474922     0.011138    -0.220676
   -0.474922     0.003023    -0.223334
   -0.453522    -0.008337        -0.23
   -0.453522    -0.008337        -0.27
   -0.450804    -0.001774    -0.276666
   -0.447699     0.005723    -0.279324
   -0.442048     0.019365    -0.280833
   -0.436966     0.031635       -0.275
   -0.434989     0.036407    -0.271667
   -0.434989     0.036407    -0.228333
   -0.436966     0.031635       -0.225
   -0.442048     0.019365    -0.219167
   -0.447699     0.005723    -0.220676
   -0.450804    -0.001774    -0.223334
   -0.435381    -0.020459        -0.23
   -0.435381    -0.020459        -0.27
   -0.430358    -0.015436    -0.276666
    -0.42462    -0.009698    -0.279324
   -0.414179     0.000743    -0.280833
   -0.404788     0.010134       -0.275
   -0.401135     0.013787    -0.271667
   -0.401135     0.013787    -0.228333
   -0.404788     0.010134       -0.225
   -0.414179     0.000743    -0.219167
    -0.42462    -0.009698    -0.220676
   -0.430358    -0.015436    -0.223334
   -0.423259      -0.0386        -0.23
   -0.423259      -0.0386        -0.27
   -0.416696    -0.035882    -0.276666
   -0.409199    -0.032777    -0.279324
   -0.395557    -0.027126    -0.280833
   -0.383287    -0.022044       -0.275
   -0.378515    -0.020067    -0.271667
   -0.378515    -0.020067    -0.228333
   -0.383287    -0.022044       -0.225
   -0.395557    -0.027126    -0.219167
   -0.409199    -0.032777    -0.220676
   -0.416696    -0.035882    -0.223334
   -0.419002        -0.06        -0.23
   -0.419002        -0.06        -0.27
   -0.411899        -0.06    -0.276666
   -0.403784        -0.06    -0.279324
   -0.389018        -0.06    -0.280833
   -0.375737        -0.06       -0.275
   -0.370571        -0.06    -0.271667
   -0.370571        -0.06    -0.228333
   -0.375737        -0.06       -0.225
   -0.389018        -0.06    -0.219167
   -0.403784        -0.06    -0.220676
   -0.411899        -0.06    -0.223334
   -0.423259      -0.0814        -0.23
   -0.423259      -0.0814        -0.27
   -0.416696    -0.084118    -0.276666
   -0.409199    -0.087223    -0.279324
   -0.395557    -0.092874    -0.280833
   -0.383287    -0.097956       -0.275
   -0.378515    -0.099933    -0.271667
   -0.378515    -0.099933    -0.228333
   -0.383287    -0.097956       -0.225
   -0.395557    -0.092874    -0.219167
   -0.409199    -0.087223    -0.220676
   -0.416696    -0.084118    -0.223334
   -0.435381    -0.099542        -0.23
   -0.435381    -0.099542        -0.27
   -0.430358    -0.104564    -0.276666
    -0.42462    -0.110302    -0.279324
   -0.414179    -0.120743    -0.280833
   -0.404788    -0.130134       -0.275
   -0.401135    -0.133787    -0.271667
   -0.401135    -0.133787    -0.228333
   -0.404788    -0.130134       -0.225
   -0.414179    -0.120743    -0.219167
    -0.42462    -0.110302    -0.220676
   -0.430358    -0.104564    -0.223334
   -0.453522    -0.111663        -0.23
   -0.453522    -0.111663        -0.27
   -0.450804    -0.118226    -0.276666
   -0.447699    -0.125723    -0.279324
   -0.442048    -0.139365    -0.280833
   -0.436966    -0.151635       -0.275
   -0.434989    -0.156407    -0.271667
   -0.434989    -0.156407    -0.228333
   -0.436966    -0.151635       -0.225
   -0.442048    -0.139365    -0.219167
   -0.447699    -0.125723    -0.220676
   -0.450804    -0.118226    -0.223334
   -0.474922     -0.11592        -0.23
   -0.474922     -0.11592        -0.27
   -0.474922    -0.123023    -0.276666
   -0.474922    -0.131138    -0.279324
   -0.474922    -0.145904    -0.280833
   -0.474922    -0.159185       -0.275
   -0.474922    -0.164351    -0.271667
   -0.474922    -0.164351    -0.228333
   -0.474922    -0.159185       -0.225
   -0.474922    -0.145904    -0.219167
   -0.474922    -0.131138    -0.220676
   -0.474922    -0.123023    -0.223334
   -0.496322    -0.111663        -0.23
   -0.496322    -0.111663        -0.27
    -0.49904    -0.118226    -0.276666
   -0.502145    -0.125723    -0.279324
   -0.507796    -0.139365    -0.280833
   -0.512878    -0.151635       -0.275
   -0.514855    -0.156407    -0.271667
   -0.514855    -0.156407    -0.228333
   -0.512878    -0.151635       -0.225
   -0.507796    -0.139365    -0.219167
   -0.502145    -0.125723    -0.220676
    -0.49904    -0.118226    -0.223334
   -0.514463    -0.099542        -0.23
   -0.514463    -0.099542        -0.27
   -0.519486    -0.104564    -0.276666
   -0.525224    -0.110302    -0.279324
   -0.535665    -0.120743    -0.280833
   -0.545056    -0.130134       -0.275
   -0.548709    -0.133787    -0.271667
   -0.548709    -0.133787    -0.228333
   -0.545056    -0.130134       -0.225
   -0.535665    -0.120743    -0.219167
   -0.525224    -0.110302    -0.220676
   -0.519486    -0.104564    -0.223334
   -0.526585      -0.0814        -0.23
   -0.526585      -0.0814        -0.27
   -0.533148    -0.084118    -0.276666
   -0.540645    -0.087223    -0.279324
   -0.554287    -0.092874    -0.280833
   -0.566557    -0.097956       -0.275
   -0.571329    -0.099933    -0.271667
   -0.571329    -0.099933    -0.228333
   -0.566557    -0.097956       -0.225
   -0.554287    -0.092874    -0.219167
   -0.540645    -0.087223    -0.220676
   -0.533148    -0.084118    -0.223334
3	     2     4     3
3	     5     7     6
3	     8     7     5
3	     9     7     8
3	     9     2     7
3	     2    10     4
3	    11    13    12
3	    11    14    13
3	    15    17    16
3	    18    20    19
3	    21    23    22
3	    23    10     2
3	    10    14    11
3	    15    14    10
3	    24    26    25
3	    27    26    24
3	    27    28    26
3	    29    31    30
3	    28    31    29
3	    32    34    33
3	    32    35    34
3	    32    36    35
3	    31    36    32
3	    28    37    31
3	    36    39    38
3	    40    42    41
3	    37    44    43
3	    28    27    44
3	    27    15    44
3	    14    15    27
3	    41    18    40
3	    16    18    41
3	    40    19    38
3	    18    19    40
3	    36     8    35
3	     9     8    36
3	    35     5    34
3	     8     5    35
3	    24    14    27
3	    13    14    24
3	    15    10    23
3	    22     2     9
3	    28    44    37
3	    37    45    31
3	    46    23    47
3	    37    49    48
3	    50    20    18
3	    20     9    19
3	    36    48    39
3	    39    40    38
3	    51    42    40
3	    42    44    41
3	    17    18    16
3	    17    50    18
3	    39    51    40
3	    21     9    20
3	    47    23    21
3	    45    48    36
3	    37    48    45
3	    45    36    31
3	    23     2    22
3	    21    22     9
3	    37    43    49
3	    15    23    46
3	    43    44    42
3	    15    46    17
3	    17    47    50
3	    46    47    17
3	    47    20    50
3	    47    21    20
3	    48    49    39
3	    39    49    51
3	    49    42    51
3	    49    43    42
3	    44    16    41
3	    15    16    44
3	    19     9    38
3	    38     9    36
3	    71    56    70
3	    55    56    71
3	    70    57    69
3	    56    57    70
3	    69    52    68
3	    57    52    69
3	    68    53    67
3	    52    53    68
3	    67    54    66
3	    53    54    67
3	    66    58    65
3	    54    58    66
3	    65    59    64
3	    58    59    65
3	    64    60    63
3	    59    60    64
3	    63    61    62
3	    60    61    63
3	    73    75    74
3	    76    78    77
3	    78    76    79
3	    78    72    73
3	    72    78    79
3	    76    74    75
3	    74    76    77
3	    77    73    74
3	    73    77    78
3	    80    82    81
3	    82    80    83
3	    84    86    85
3	    86    84    87
3	    86    81    82
3	    81    86    87
3	    84    83    80
3	    83    84    85
3	    85    82    83
3	    82    85    86
3	    88    90    89
3	    90    88    91
3	    92    94    93
3	    94    92    95
3	    94    89    90
3	    89    94    95
3	    95    88    89
3	    88    95    92
3	    92    91    88
3	    91    92    93
3	    93    90    91
3	    90    93    94
3	    96    98    97
3	    98    96    99
3	   100   102   101
3	   102   100   103
3	   102    97    98
3	    97   102   103
3	   103    96    97
3	    96   103   100
3	   100    99    96
3	    99   100   101
3	   101    98    99
3	    98   101   102
3	   104   106   105
3	   106   104   107
3	   108   110   109
3	   110   108   111
3	   110   105   106
3	   105   110   111
3	   111   104   105
3	   104   111   108
3	   108   107   104
3	   107   108   109
3	   112   114   113
3	   114   112   115
3	   116   118   117
3	   118   116   119
3	   118   113   114
3	   113   118   119
3	   119   112   113
3	   112   119   116
3	   116   115   112
3	   115   116   117
3	   124   122   120
3	   122   124   123
3	   128   125   126
3	   125   128   127
3	   131   129   130
3	   129   131   132
3	   135   133   134
3	   133   135   136
4	   138   150   151   139
4	   139   151   152   140
4	   140   152   153   141
4	   141   153   154   142
4	   142   154   155   143
4	   143   155   156   144
4	   144   156   157   145
4	   145   157   158   146
4	   146   158   159   147
4	   147   159   160   148
4	   148   160   149   137
4	   150   162   163   151
4	   151   163   164   152
4	   152   164   165   153
4	   153   165   166   154
4	   154   166   167   155
4	   155   167   168   156
4	   156   168   169   157
4	   157   169   170   158
4	   158   170   171   159
4	   159   171   172   160
4	   160   172   161   149
4	   162   174   175   163
4	   163   175   176   164
4	   164   176   177   165
4	   165   177   178   166
4	   166   178   179   167
4	   167   179   180   168
4	   168   180   181   169
4	   169   181   182   170
4	   170   182   183   171
4	   171   183   184   172
4	   172   184   173   161
4	   174   186   187   175
4	   175   187   188   176
4	   176   188   189   177
4	   177   189   190   178
4	   178   190   191   179
4	   179   191   192   180
4	   180   192   193   181
4	   181   193   194   182
4	   182   194   195   183
4	   183   195   196   184
4	   184   196   185   173
4	   186   198   199   187
4	   187   199   200   188
4	   188   200   201   189
4	   189   201   202   190
4	   190   202   203   191
4	   191   203   204   192
4	   192   204   205   193
4	   193   205   206   194
4	   194   206   207   195
4	   195   207   208   196
4	   196   208   197   185
4	   198   210   211   199
4	   199   211   212   200
4	   200   212   213   201
4	   201   213   214   202
4	   202   214   215   203
4	   203   215   216   204
4	   204   216   217   205
4	   205   217   218   206
4	   206   218   219   207
4	   207   219   220   208
4	   208   220   209   197
4	   210   222   223   211
4	   211   223   224   212
4	   212   224   225   213
4	   213   225   226   214
4	   214   226   227   215
4	   215   227   228   216
4	   216   228   229   217
4	   217   229   230   218
4	   218   230   231   219
4	   219   231   232   220
4	   220   232   221   209
4	   222   234   235   223
4	   223   235   236   224
4	   224   236   237   225
4	   225   237   238   226
4	   226   238   239   227
4	   227   239   240   228
4	   228   240   241   229
4	   229   241   242   230
4	   230   242   243   231
4	   231   243   244   232
4	   232   244   233   221
4	   234   246   247   235
4	   235   247   248   236
4	   236   248   249   237
4	   237   249   250   238
4	   238   250   251   239
4	   239   251   252   240
4	   240   252   253   241
4	   241   253   254   242
4	   242   254   255   243
4	   243   255   256   244
4	   244   256   245   233
4	   246   258   259   247
4	   247   259   260   248
4	   248   260   261   249
4	   249   261   262   250
4	   250   262   263   251
4	   251   263   264   252
4	   252   264   265   253
4	   253   265   266   254
4	   254   266   267   255
4	   255   267   268   256
4	   256   268   257   245
4	   258   270   271   259
4	   259   271   272   260
4	   260   272   273   261
4	   261   273   274   262
4	   262   274   275   263
4	   263   275   276   264
4	   264   276   277   265
4	   265   277   278   266
4	   266   278   279   267
4	   267   279   280   268
4	   268   280   269   257
4	   270   282   283   271
4	   271   283   284   272
4	   272   284   285   273
4	   273   285   286   274
4	   274   286   287   275
4	   275   287   288   276
4	   276   288   289   277
4	   277   289   290   278
4	   278   290   291   279
4	   279   291   292   280
4	   280   292   281   269
4	   282   294   295   283
4	   283   295   296   284
4	   284   296   297   285
4	   285   297   298   286
4	   286   298   299   287
4	   287   299   300   288
4	   288   300   301   289
4	   289   301   302   290
4	   290   302   303   291
4	   291   303   304   292
4	   292   304   293   281
4	   294   306   307   295
4	   295   307   308   296
4	   296   308   309   297
4	   297   309   310   298
4	   298   310   311   299
4	   299   311   312   300
4	   300   312   313   301
4	   301   313   314   302
4	   302   314   315   303
4	   303   315   316   304
4	   304   316   305   293
4	   306   318   319   307
4	   307   319   320   308
4	   308   320   321   309
4	   309   321   322   310
4	   310   322   323   311
4	   311   323   324   312
4	   312   324   325   313
4	   313   325   326   314
4	   314   326   327   315
4	   315   327   328   316
4	   316   328   317   305
4	   318   138   139   319
4	   319   139   140   320
4	   320   140   141   321
4	   321   141   142   322
4	   322   142   143   323
4	   323   143   144   324
4	   324   144   145   325
4	   325   145   146   326
4	   326   146   147   327
4	   327   147   148   328
4	   328   148   137   317
16	   137   149   161   173   185   197   209   221   233   245   257   269   281   293   305   317
16	   318   306   294   282   270   258   246   234   222   210   198   186   174   162   150   138
4	   330   342   343   331
4	   331   343   344   332
4	   332   344   345   333
4	   333   345   346   334
4	   334   346   347   335
4	   335   347   348   336
4	   336   348   349   337
4	   337   349   350   338
4	   338   350   351   339
4	   339   351   352   340
4	   340   352   341   329
4	   342   354   355   343
4	   343   355   356   344
4	   344   356   357   345
4	   345   357   358   346
4	   346   358   359   347
4	   347   359   360   348
4	   348   360   361   349
4	   349   361   362   350
4	   350   362   363   351
4	   351   363   364   352
4	   352   364   353   341
4	   354   366   367   355
4	   355   367   368   356
4	   356   368   369   357
4	   357   369   370   358
4	   358   370   371   359
4	   359   371   372   360
4	   360   372   373   361
4	   361   373   374   362
4	   362   374   375   363
4	   363   375   376   364
4	   364   376   365   353
4	   366   378   379   367
4	   367   379   380   368
4	   368   380   381   369
4	   369   381   382   370
4	   370   382   383   371
4	   371   383   384   372
4	   372   384   385   373
4	   373   385   386   374
4	   374   386   387   375
4	   375   387   388   376
4	   376   388   377   365
4	   378   390   391   379
4	   379   391   392   380
4	   380   392   393   381
4	   381   393   394   382
4	   382   394   395   383
4	   383   395   396   384
4	   384   396   397   385
4	   385   397   398   386
4	   386   398   399   387
4	   387   399   400   388
4	   388   400   389   377
4	   390   402   403   391
4	   391   403   404   392
4	   392   404   405   393
4	   393   405   406   394
4	   394   406   407   395
4	   395   407   408   396
4	   396   408   409   397
4	   397   409   410   398
4	   398   410   411   399
4	   399   411   412   400
4	   400   412   401   389
4	   402   414   415   403
4	   403   415   416   404
4	   404   416   417   405
4	   405   417   418   406
4	   406   418   419   407
4	   407   419   420   408
4	   408   420   421   409
4	   409   421   422   410
4	   410   422   423   411
4	   411   423   424   412
4	   412   424   413   401
4	   414   426   427   415
4	   415   427   428   416
4	   416   428   429   417
4	   417   429   430   418
4	   418   430   431   419
4	   419   431   432   420
4	   420   432   433   421
4	   421   433   434   422
4	   422   434   435   423
4	   423   435   436   424
4	   424   436   425   413
4	   426   438   439   427
4	   427   439   440   428
4	   428   440   441   429
4	   429   441   442   430
4	   430   442   443   431
4	   431   443   444   432
4	   432   444   445   433
4	   433   445   446   434
4	   434   446   447   435
4	   435   447   448   436
4	   436   448   437   425
4	   438   450   451   439
4	   439   451   452   440
4	   440   452   453   441
4	   441   453   454   442
4	   442   454   455   443
4	   443   455   456   444
4	   444   456   457   445
4	   445   457   458   446
4	   446   458   459   447
4	   447   459   460   448
4	   448   460   449   437
4	   450   462   463   451
4	   451   463   464   452
4	   452   464   465   453
4	   453   465   466   454
4	   454   466   467   455
4	   455   467   468   456
4	   456   468   469   457
4	   457   469   470   458
4	   458   470   471   459
4	   459   471   472   460
4	   460   472   461   449
4	   462   474   475   463
4	   463   475   476   464
4	   464   476   477   465
4	   465   477   478   466
4	   466   478   479   467
4	   467   479   480   468
4	   468   480   481   469
4	   469   481   482   470
4	   470   482   483   471
4	   471   483   484   472
4	   472   484   473   461
4	   474   486   487   475
4	   475   487   488   476
4	   476   488   489   477
4	   477   489   490   478
4	   478   490   491   479
4	   479   491   492   480
4	   480   492   493   481
4	   481   493   494   482
4	   482   494   495   483
4	   483   495   496   484
4	   484   496   485   473
4	   486   498   499   487
4	   487   499   500   488
4	   488   500   501   489
4	   489   501   502   490
4	   490   502   503   491
4	   491   503   504   492
4	   492   504   505   493
4	   493   505   506   494
4	   494   506   507   495
4	   495   507   508   496
4	   496   508   497   485
4	   498   510   511   499
4	   499   511   512   500
4	   500   512   513   501
4	   501   513   514   502
4	   502   514   515   503
4	   503   515   516   504
4	   504   516   517   505
4	   505   517   518   506
4	   506   518   519   507
4	   507   519   520   508
4	   508   520   509   497
4	   510   330   331   511
4	   511   331   332   512
4	   512   332   333   513
4	   513   333   334   514
4	   514   334   335   515
4	   515   335   336   516
4	   516   336   337   517
4	   517   337   338   518
4	   518   338   339   519
4	   519   339   340   520
4	   520   340   329   509
16	   329   341   353   365   377   389   401   413   425   437   449   461   473   485   497   509
16	   510   498   486   474   462   450   438   426   414   402   390   378   366   354   342   330
4	   522   534   535   523
4	   523   535   536   524
4	   524   536   537   525
4	   525   537   538   526
4	   526   538   539   527
4	   527   539   540   528
4	   528   540   541   529
4	   529   541   542   530
4	   530   542   543   531
4	   531   543   544   532
4	   532   544   533   521
4	   534   546   547   535
4	   535   547   548   536
4	   536   548   549   537
4	   537   549   550   538
4	   538   550   551   539
4	   539   551   552   540
4	   540   552   553   541
4	   541   553   554   542
4	   542   554   555   543
4	   543   555   556   544
4	   544   556   545   533
4	   546   558   559   547
4	   547   559   560   548
4	   548   560   561   549
4	   549   561   562   550
4	   550   562   563   551
4	   551   563   564   552
4	   552   564   565   553
4	   553   565   566   554
4	   554   566   567   555
4	   555   567   568   556
4	   556   568   557   545
4	   558   570   571   559
4	   559   571   572   560
4	   560   572   573   561
4	   561   573   574   562
4	   562   574   575   563
4	   563   575   576   564
4	   564   576   577   565
4	   565   577   578   566
4	   566   578   579   567
4	   567   579   580   568
4	   568   580   569   557
4	   570   582   583   571
4	   571   583   584   572
4	   572   584   585   573
4	   573   585   586   574
4	   574   586   587   575
4	   575   587   588   576
4	   576   588   589   577
4	   577   589   590   578
4	   578   590   591   579
4	   579   591   592   580
4	   580   592   581   569
4	   582   594   595   583
4	   583   595   596   584
4	   584   596   597   585
4	   585   597   598   586
4	   586   598   599   587
4	   587   599   600   588
4	   588   600   601   589
4	   589   601   602   590
4	   590   602   603   591
4	   591   603   604   592
4	   592   604   593   581
4	   594   606   607   595
4	   595   607   608   596
4	   596   608   609   597
4	   597   609   610   598
4	   598   610   611   599
4	   599   611   612   600
4	   600   612   613   601
4	   601   613   614   602
4	   602   614   615   603
4	   603   615   616   604
4	   604   616   605   593
4	   606   618   619   607
4	   607   619   620   608
4	   608   620   621   609
4	   609   621   622   610
4	   610   622   623   611
4	   611   623   624   612
4	   612   624   625   613
4	   613   625   626   614
4	   614   626   627   615
4	   615   627   628   616
4	   616   628   617   605
4	   618   630   631   619
4	   619   631   632   620
4	   620   632   633   621
4	   621   633   634   622
4	   622   634   635   623
4	   623   635   636   624
4	   624   636   637   625
4	   625   637   638   626
4	   626   638   639   627
4	   627   639   640   628
4	   628   640   629   617
4	   630   642   643   631
4	   631   643   644   632
4	   632   644   645   633
4	   633   645   646   634
4	   634   646   647   635
4	   635   647   648   636
4	   636   648   649   637
4	   637   649   650   638
4	   638   650   651   639
4	   639   651   652   640
4	   640   652   641   629
4	   642   654   655   643
4	   643   655   656   644
4	   644   656   657   645
4	   645   657   658   646
4	   646   658   659   647
4	   647   659   660   648
4	   648   660   661   649
4	   649   661   662   650
4	   650   662   663   651
4	   651   663   664   652
4	   652   664   653   641
4	   654   666   667   655
4	   655   667   668   656
4	   656   668   669   657
4	   657   669   670   658
4	   658   670   671   659
4	   659   671   672   660
4	   660   672   673   661
4	   661   673   674   662
4	   662   674   675   663
4	   663   675   676   664
4	   664   676   665   653
4	   666   678   679   667
4	   667   679   680   668
4	   668   680   681   669
4	   669   681   682   670
4	   670   682   683   671
4	   671   683   684   672
4	   672   684   685   673
4	   673   685   686   674
4	   674   686   687   675
4	   675   687   688   676
4	   676   688   677   665
4	   678   690   691   679
4	   679   691   692   680
4	   680   692   693   681
4	   681   693   694   682
4	   682   694   695   683
4	   683   695   696   684
4	   684   696   697   685
4	   685   697   698   686
4	   686   698   699   687
4	   687   699   700   688
4	   688   700   689   677
4	   690   702   703   691
4	   691   703   704   692
4	   692   704   705   693
4	   693   705   706   694
4	   694   706   707   695
4	   695   707   708   696
4	   696   708   709   697
4	   697   709   710   698
4	   698   710   711   699
4	   699   711   712   700
4	   700   712   701   689
4	   702   522   523   703
4	   703   523   524   704
4	   704   524   525   705
4	   705   525   526   706
4	   706   526   527   707
4	   707   527   528   708
4	   708   528   529   709
4	   709   529   530   710
4	   710   530   531   711
4	   711   531   532   712
4	   712   532   521   701
16	   521   533   545   557   569   581   593   605   617   629   641   653   665   677   689   701
16	   702   690   678   666   654   642   630   618   606   594   582   570   558   546   534   522
4	   714   726   727   715
4	   715   727   728   716
4	   716   728   729   717
4	   717   729   730   718
4	   718   730   731   719
4	   719   731   732   720
4	   720   732   733   721
4	   721   733   734   722
4	   722   734   735   723
4	   723   735   736   724
4	   724   736   725   713
4	   726   738   739   727
4	   727   739   740   728
4	   728   740   741   729
4	   729   741   742   730
4	   730   742   743   731
4	   731   743   744   732
4	   732   744   745   733
4	   733   745   746   734
4	   734   746   747   735
4	   735   747   748   736
4	   736   748   737   725
4	   738   750   751   739
4	   739   751   752   740
4	   740   752   753   741
4	   741   753   754   742
4	   742   754   755   743
4	   743   755   756   744
4	   744   756   757   745
4	   745   757   758   746
4	   746   758   759   747
4	   747   759   760   748
4	   748   760   749   737
4	   750   762   763   751
4	   751   763   764   752
4	   752   764   765   753
4	   753   765   766   754
4	   754   766   767   755
4	   755   767   768   756
4	   756   768   769   757
4	   757   769   770   758
4	   758   770   771   759
4	   759   771   772   760
4	   760   772   761   749
4	   762   774   775   763
4	   763   775   776   764
4	   764   776   777   765
4	   765   777   778   766
4	   766   778   779   767
4	   767   779   780   768
4	   768   780   781   769
4	   769   781   782   770
4	   770   782   783   771
4	   771   783   784   772
4	   772   784   773   761
4	   774   786   787   775
4	   775   787   788   776
4	   776   788   789   777
4	   777   789   790   778
4	   778   790   791   779
4	   779   791   792   780
4	   780   792   793   781
4	   781   793   794   782
4	   782   794   795   783
4	   783   795   796   784
4	   784   796   785   773
4	   786   798   799   787
4	   787   799   800   788
4	   788   800   801   789
4	   789   801   802   790
4	   790   802   803   791
4	   791   803   804   792
4	   792   804   805   793
4	   793   805   806   794
4	   794   806   807   795
4	   795   807   808   796
4	   796   808   797   785
4	   798   810   811   799
4	   799   811   812   800
4	   800   812   813   801
4	   801   813   814   802
4	   802   814   815   803
4	   803   815   816   804
4	   804   816   817   805
4	   805   817   818   806
4	   806   818   819   807
4	   807   819   820   808
4	   808   820   809   797
4	   810   822   823   811
4	   811   823   824   812
4	   812   824   825   813
4	   813   825   826   814
4	   814   826   827   815
4	   815   827   828   816
4	   816   828   829   817
4	   817   829   830   818
4	   818   830   831   819
4	   819   831   832   820
4	   820   832   821   809
4	   822   834   835   823
4	   823   835   836   824
4	   824   836   837   825
4	   825   837   838   826
4	   826   838   839   827
4	   827   839   840   828
4	   828   840   841   829
4	   829   841   842   830
4	   830   842   843   831
4	   831   843   844   832
4	   832   844   833   821
4	   834   846   847   835
4	   835   847   848   836
4	   836   848   849   837
4	   837   849   850   838
4	   838   850   851   839
4	   839   851   852   840
4	   840   852   853   841
4	   841   853   854   842
4	   842   854   855   843
4	   843   855   856   844
4	   844   856   845   833
4	   846   858   859   847
4	   847   859   860   848
4	   848   860   861   849
4	   849   861   862   850
4	   850   862   863   851
4	   851   863   864   852
4	   852   864   865   853
4	   853   865   866   854
4	   854   866   867   855
4	   855   867   868   856
4	   856   868   857   845
4	   858   870   871   859
4	   859   871   872   860
4	   860   872   873   861
4	   861   873   874   862
4	   862   874   875   863
4	   863   875   876   864
4	   864   876   877   865
4	   865   877   878   866
4	   866   878   879   867
4	   867   879   880   868
4	   868   880   869   857
4	   870   882   883   871
4	   871   883   884   872
4	   872   884   885   873
4	   873   885   886   874
4	   874   886   887   875
4	   875   887   888   876
4	   876   888   889   877
4	   877   889   890   878
4	   878   890   891   879
4	   879   891   892   880
4	   880   892   881   869
4	   882   894   895   883
4	   883   895   896   884
4	   884   896   897   885
4	   885   897   898   886
4	   886   898   899   887
4	   887   899   900   888
4	   888   900   901   889
4	   889   901   902   890
4	   890   902   903   891
4	   891   903   904   892
4	   892   904   893   881
4	   894   714   715   895
4	   895   715   716   896
4	   896   716   717   897
4	   897   717   718   898
4	   898   718   719   899
4	   899   719   720   900
4	   900   720   721   901
4	   901   721   722   902
4	   902   722   723   903
4	   903   723   724   904
4	   904   724   713   893
16	   713   725   737   749   761   773   785   797   809   821   833   845   857   869   881   893
16	   894   882   870   858   846   834   822   810   798   786   774   762   750   738   726   714

