data 751 754
0.000000	3.215594	1.626792
0.950098	3.182601	1.474107
1.497635	3.332587	1.246414
2.275008	3.076126	0.520057
2.551667	2.814100	0.104153
2.599446	2.583942	-0.002174
1.026770	2.297350	1.713914
1.588322	2.335099	1.561263
2.121847	2.120374	1.273288
2.384160	1.886060	0.938147
2.505630	1.638013	0.724514
0.000000	1.827888	2.053380
0.840061	1.669875	2.023804
1.184004	1.824701	1.988060
1.664640	1.877406	1.881657
2.159158	1.809853	1.593266
2.380959	1.398838	1.333203
0.000000	1.434841	2.114541
0.419272	1.497980	2.039291
0.834071	1.473266	1.990605
0.671536	1.394801	2.015855
1.251775	1.621453	2.090176
1.870600	1.709999	1.896610
2.102966	1.672090	1.766167
1.181336	1.437471	1.930780
1.782251	1.461166	1.791167
2.046849	1.379468	1.667193
2.257169	1.320491	1.374393
0.435339	1.051827	1.835215
0.595300	0.962749	1.632668
2.467154	1.270042	1.075952
2.301100	1.061212	1.149375
0.937354	1.189016	1.799276
1.374503	1.246770	1.797898
1.674760	1.210731	1.684685
1.984494	1.083542	1.470159
2.161843	0.877403	1.258678
0.497172	0.764687	1.717468
0.364997	0.878871	1.918100
0.646256	0.848479	1.512719
0.990353	1.045894	1.673434
1.338368	1.097005	1.706291
1.633085	1.026491	1.540640
1.827030	0.968370	1.420277
1.978759	0.844146	1.240173
1.994768	0.761767	1.208789
2.222753	0.708368	1.225216
2.023511	0.621844	1.203084
0.625160	0.525750	1.573539
0.674174	0.625220	1.399696
0.741111	0.838477	1.340104
0.743068	0.682655	1.293006
1.150382	1.049218	1.572665
0.852340	0.409701	1.456756
1.043970	0.258220	1.572511
1.178146	0.479077	1.538112
1.194588	0.584506	1.432772
1.499520	0.195877	1.539724
1.533626	0.432412	1.536232
1.538760	0.569260	1.422036
1.888404	0.496086	1.361962
1.860867	0.335479	1.328313
1.793509	0.634163	1.313237
2.036044	0.441006	1.173828
2.396469	0.756517	0.946278
2.436455	0.597869	0.929277
2.158412	0.403607	1.108492
2.381163	0.388582	0.937622
2.534942	0.842541	0.764222
2.634427	1.110305	0.521179
2.578361	0.631464	0.744193
2.730820	0.744887	0.395463
2.818204	0.981080	0.010580
2.579623	0.481480	0.705967
2.753965	0.550371	0.363327
2.849600	0.786575	0.016460
3.001846	1.114104	-0.423590
0.000000	-0.404860	3.417806
0.000000	-0.044350	3.169323
0.000000	0.346162	2.822930
0.000000	0.843970	2.324153
0.000000	1.032081	2.025875
0.328221	-0.089759	3.001962
0.300511	0.209664	2.702371
0.356021	0.492336	2.296508
0.441863	-0.161571	2.696735
0.462034	-0.046825	2.473092
0.464899	0.391123	2.172818
0.567970	0.123761	2.232654
0.612914	0.257241	2.111241
0.582572	-0.086150	2.197164
0.795986	-0.293187	2.076730
0.951729	-0.099551	2.037494
1.016160	0.108270	1.781354
0.320935	-0.391772	3.187348
0.547384	-0.327551	2.777486
0.685036	-0.220701	2.307076
0.747746	-0.364237	2.444129
0.819487	-0.601074	2.231723
0.846053	-0.676250	1.909134
0.758612	-0.749231	2.012220
0.000000	-0.680440	3.338432
0.342742	-0.563616	3.152458
0.724730	-0.522245	2.546193
0.751959	-0.693308	2.361429
0.584785	-0.877771	2.169684
0.000000	-0.969509	2.619219
0.000000	-0.893934	3.091877
0.247826	-0.716493	2.796165
0.493746	-0.530921	2.719691
0.614923	-0.619552	2.501319
0.261379	-0.807196	2.582417
1.018320	-0.845343	1.772559
1.285553	-0.234522	1.979432
1.384670	0.007542	1.791095
1.649503	-0.404549	1.959739
1.709918	-0.177054	1.790026
1.848478	0.093745	1.548752
2.043181	0.259162	1.294104
1.310810	-1.219780	1.656933
1.695451	-0.996747	2.004101
1.898303	-0.606529	1.938655
2.008071	-0.381148	1.762189
2.203176	-0.004348	1.393507
2.270030	0.128294	1.212100
2.327970	0.187367	1.127974
2.008731	-1.447393	1.715405
2.236548	-1.147703	1.662021
2.304414	-1.471240	1.431690
2.142377	-1.832613	1.406417
1.540697	-1.742738	1.359228
2.398151	-0.846630	1.539795
2.590196	-0.415051	1.159857
2.642735	-0.208566	0.978259
2.676335	0.005696	0.752627
2.614723	0.285069	0.613698
2.450932	-1.205895	1.256561
2.724330	-0.696504	0.931940
2.797038	-0.502781	0.748154
2.819360	-0.269231	0.533931
2.766117	0.169373	0.427951
2.158004	-2.315714	1.014424
2.245889	-2.543318	0.871957
2.373132	-1.924134	0.874450
2.570432	-1.579952	0.776945
2.903471	-1.054815	0.396858
2.947154	-0.669172	0.146710
2.934675	-0.256637	0.036251
2.863014	0.267495	0.022251
3.024550	-1.084764	-0.184824
3.053846	0.450373	-0.431357
0.000000	-1.771570	2.504626
0.000000	-1.131120	2.442004
0.526591	-1.861975	2.251118
0.587485	-1.679249	2.410048
0.471956	-1.048373	2.334893
1.029477	-1.770299	1.995677
0.800655	-0.948515	2.009367
1.208197	-1.920964	1.660859
1.614346	-2.390446	1.279858
1.511616	-2.224669	1.387112
1.339361	-2.044014	1.503308
1.709077	-2.129075	1.178159
0.913476	-1.896807	1.907121
1.144365	-1.980308	1.632186
1.263535	-2.087013	1.500202
1.438217	-2.296490	1.378128
1.493227	-2.558511	1.393091
0.000000	-2.068047	2.375892
0.000000	-1.930109	2.307663
0.527202	-2.018134	2.241462
0.881882	-2.023289	1.925335
1.110687	-2.063490	1.621727
1.238814	-2.178342	1.533188
0.000000	-2.411084	2.515312
0.628879	-2.294389	2.344364
0.905134	-2.125969	1.994861
1.122722	-2.138204	1.696468
0.000000	-2.911862	2.419986
0.000000	-2.571592	2.416298
0.600683	-2.426376	2.279053
0.916008	-2.275489	1.956645
0.742587	-2.904182	2.168736
1.022247	-2.845768	1.916970
1.322957	-2.661412	1.683302
1.995826	-2.507552	1.226804
2.126655	-2.679876	1.164035
1.994260	-2.840096	1.308491
1.686932	-3.160193	1.431025
1.607702	-2.651490	1.376445
2.005559	-3.164791	1.024079
2.185274	-2.954827	0.838571
1.205092	-3.240009	1.892130
1.557804	-3.031198	1.522452
1.730760	-3.534657	1.144763
1.626686	-3.953244	1.236666
2.073581	-3.387935	0.889781
2.301048	-3.009668	0.709501
1.979054	-3.689204	0.780508
2.241332	-3.536619	0.577301
2.062206	-3.786454	0.551853
1.880828	-3.886388	0.602423
1.923075	-4.183833	0.489815
2.547379	-2.647509	0.579223
2.747146	-2.086224	0.301219
2.932261	-1.840343	-0.094621
3.052145	-1.301816	-0.289189
3.070267	-0.669828	-0.541514
2.228950	-3.955907	0.303058
2.453342	-3.580782	0.212511
2.709138	-2.981356	0.213730
2.852768	-2.407288	0.109755
1.784018	-4.340273	0.281984
2.146235	-4.234737	-0.168742
2.579424	-3.809544	-0.425049
2.778082	-3.465366	-0.559768
3.053730	-2.812258	-0.667369
3.167907	-2.371886	-0.703289
3.189225	-1.693405	-0.848447
3.200083	-0.928846	-1.126266
0.000000	-3.089258	2.623605
0.731869	-3.819402	2.445997
0.899763	-3.283328	2.282115
1.255486	-3.768233	1.957142
1.143797	-4.041361	1.740968
0.000000	-4.106714	2.355388
0.679776	-4.096788	2.199795
0.000000	-3.533057	2.736301
0.000000	-4.226213	1.409529
0.673562	-4.175809	1.440318
0.900834	-4.188237	1.405159
1.380301	-4.105834	1.004537
0.000000	-4.317758	1.097636
0.584174	-4.293872	1.136238
0.869062	-4.310725	1.146644
1.304413	-4.220667	0.874327
0.000000	-4.735766	0.492961
0.826027	-4.763247	0.692279
1.358157	-4.521820	0.453214
0.785256	-5.229036	-0.065073
1.127210	-5.071599	-0.040322
1.574951	-4.853429	-0.346305
2.078591	-4.584575	-0.655420
2.583836	-4.099802	-0.844695
2.509870	-4.321093	-1.117367
2.909896	-3.826721	-1.134633
2.811540	-4.124982	-1.408302
3.515023	-3.131111	-1.840553
3.604825	-2.517395	-1.781250
3.678526	-2.638727	-2.045079
3.168494	-2.974806	-1.374016
3.281449	-2.479684	-1.421206
3.263442	-2.075922	-1.638808
3.587238	-1.448853	-1.862013
3.602875	-0.910249	-1.841021
3.265559	-0.460338	-1.553997
3.538379	-0.327181	-2.067532
3.561726	-0.515317	-2.316241
3.613856	-1.014267	-2.470214
3.832483	-1.318204	-2.490943
3.938534	-1.015748	-2.682005
3.944118	-0.619315	-2.705247
3.823097	-1.868888	-2.116451
3.970581	-2.298109	-2.321895
3.785519	-2.535333	-2.442021
3.913114	-2.386690	-2.093554
3.901415	-2.303844	-1.949046
3.888596	-2.137148	-1.922679
0.000000	-5.110250	-0.025199
3.651834	0.108469	-2.133500
3.759991	0.023288	-2.231379
3.690104	0.417510	-2.271626
3.805415	0.249379	-2.401804
3.817296	0.568895	-2.710909
3.904826	0.377894	-2.666034
3.923486	0.329369	-3.306120
4.056263	0.098727	-3.494043
4.108536	0.029265	-3.319623
4.107796	-0.235731	-3.644326
4.157025	-0.270506	-3.455143
4.168161	-0.758749	-3.420318
4.084641	-1.704890	-2.940965
4.017485	-2.013538	-2.630410
4.123412	-0.815678	-3.560598
3.894549	-2.151052	-2.848806
3.978905	-1.806647	-3.106443
3.163836	-0.157172	-0.509062
3.416768	0.488240	-1.093100
3.459482	1.037384	-1.038893
3.730613	0.187636	-1.792602
3.852241	0.808444	-1.842771
2.749849	1.970646	-0.110039
3.514792	2.182685	-1.027259
3.724806	2.035732	-1.849016
3.910297	2.060090	-2.500061
3.925979	1.139376	-2.629220
0.000000	4.322966	1.823505
1.074736	4.335327	1.698953
1.634408	4.432297	1.220308
2.064313	4.311773	0.649455
2.014403	3.290118	0.843664
2.467242	4.203462	0.268223
2.855423	3.713357	-0.387570
3.106783	3.210413	-1.033608
3.534181	2.618422	-1.237781
0.000000	5.245838	0.805753
1.055339	5.421466	0.608201
1.771927	5.402644	0.056819
2.234668	4.989458	-0.355999
2.698916	4.574512	-1.092215
0.000000	6.008378	-2.769708
0.000000	5.693871	-5.022141
0.000000	3.964088	-6.881709
0.000000	0.897653	-8.034118
0.000000	-2.011529	-7.405530
0.000000	-3.793730	-4.995951
1.580357	5.692737	-2.940491
1.672567	4.949896	-5.424442
2.053981	3.149934	-6.452182
2.085759	0.807126	-7.165959
2.050168	-1.335686	-6.366529
1.986613	-3.249932	-4.938974
2.902516	4.721329	-2.519732
3.573115	3.921346	-4.489585
3.604892	2.264238	-5.203362
3.613790	0.235709	-5.403221
3.579470	-1.507111	-4.632340
3.191476	-3.421356	-3.204882
0.000000	0.859704	2.297175
0.000000	1.370302	2.316759
0.351954	1.408627	2.314787
0.194557	0.768258	2.291927
3.320525	0.898099	2.263318
3.007055	1.573417	2.292577
3.410854	1.534920	2.286763
3.455187	1.144196	2.271306
3.240546	0.504650	2.249093
3.064174	-0.106134	2.227572
2.825194	-0.395829	2.219033
2.358810	-0.592065	2.216521
1.375282	-0.682785	2.223610
0.985457	-0.541894	2.233200
0.692468	-0.297544	2.245717
0.446546	0.199799	2.267426
1.187072	1.581526	2.312442
2.102744	1.623614	2.304218
3.695787	1.158523	-0.841816
3.770795	1.015436	-1.489781
3.769480	0.607321	-1.419319
3.693578	0.458737	-0.721419
3.842078	0.835987	-2.094817
3.842718	0.536162	-2.734451
3.841464	0.287690	-2.504816
3.840932	0.542631	-1.965453
3.841109	-0.136160	-2.872677
3.842822	0.196627	-3.194742
3.842609	-0.289736	-3.699945
3.842194	-0.612950	-3.919157
3.841398	-0.768432	-3.770095
3.840636	-0.769488	-3.447080
3.840631	-0.581414	-3.214167
-1.253014	1.621453	2.089434
-1.185182	1.824701	1.987358
-0.841261	1.669875	2.023306
-0.835250	1.473266	1.990110
-1.182480	1.437471	1.930080
-2.047837	1.379468	1.665979
-2.104012	1.672090	1.764920
-1.871724	1.709999	1.895501
-1.783312	1.461166	1.790111
-0.596267	0.962749	1.632315
-0.436426	1.051827	1.834957
-0.366133	0.878871	1.917884
-0.498190	0.764687	1.717173
-0.647152	0.848479	1.512336
-0.675003	0.625220	1.399297
-0.626093	0.525750	1.573169
-0.743834	0.682655	1.292566
-0.741905	0.838477	1.339665
-2.024224	0.621844	1.201885
-1.995484	0.761767	1.207607
-1.794287	0.634163	1.312174
-1.889211	0.496086	1.360843
-2.036739	0.441006	1.172621
-1.861654	0.335479	1.327209
-2.578801	0.631464	0.742665
-2.535395	0.842541	0.762719
-2.397029	0.756517	0.944858
-2.437005	0.597869	0.927833
-2.580041	0.481480	0.704438
-2.381719	0.388582	0.936211
-0.569293	0.123761	2.232317
-0.463499	-0.046825	2.472818
-0.583874	-0.086150	2.196819
-1.044902	0.258220	1.571892
-1.017216	0.108270	1.780751
-1.710978	-0.177054	1.789013
-1.385731	0.007542	1.790274
-1.286726	-0.234522	1.978670
-1.650665	-0.404549	1.958761
-1.849396	0.093745	1.547656
-1.500432	0.195877	1.538836
-2.009115	-0.381148	1.760999
-1.899452	-0.606529	1.937530
-2.328639	0.187367	1.126595
-2.043948	0.259162	1.292893
-2.270747	0.128294	1.210755
-2.451676	-1.205895	1.255108
-2.399063	-0.846630	1.538374
-2.237532	-1.147703	1.660695
-2.305262	-1.471240	1.430324
-0.853203	0.409701	1.456251
-1.709775	-2.129075	1.177146
-1.209181	-1.920964	1.660143
-1.340252	-2.003131	1.502514
-1.512437	-2.114758	1.386216
-1.615104	-2.390446	1.278901
-1.030659	-1.770299	1.995067
-0.914606	-1.896807	1.906579
-1.145332	-1.980308	1.631508
-1.264423	-2.045270	1.499453
-1.439033	-2.183030	1.377276
-1.494052	-2.558511	1.392205
-1.111648	-2.063490	1.621068
-0.883022	-2.023289	1.924812
-1.239722	-2.134773	1.532453
-1.123727	-2.138204	1.695802
-0.906316	-2.125969	1.994324
-0.917167	-2.275489	1.956101
-1.995035	-2.840096	1.307309
-2.127344	-2.679876	1.162775
-1.996553	-2.507552	1.225621
-2.185770	-2.954827	0.837276
-2.006165	-3.164791	1.022890
-1.608518	-2.651490	1.375492
-2.301468	-3.009668	0.708137
-2.074107	-3.387935	0.888552
-2.062533	-3.786454	0.550630
-2.241674	-3.536619	0.575973
-1.979516	-3.689204	0.779335
-1.881184	-3.886388	0.601309
-0.869741	-4.310725	1.146128
-0.901666	-4.188237	1.404625
-0.674416	-4.175809	1.439918
-0.584847	-4.293872	1.135892
-2.509208	-4.321093	-1.118854
-2.583335	-4.099802	-0.846227
-2.078202	-4.584575	-0.656651
-2.810705	-4.124982	-1.409968
-2.909223	-3.826721	-1.136358
-3.911873	-2.386690	-2.095873
-3.677314	-2.638727	-2.047259
-3.784071	-2.535333	-2.444264
-3.969204	-2.298109	-2.324248
-3.900259	-2.303844	-1.951357
-3.603769	-2.517395	-1.783386
-3.887456	-2.137148	-1.924983
-3.262471	-2.075922	-1.640742
-3.758667	0.023288	-2.233607
-3.650569	0.108469	-2.135663
-3.537153	-0.327181	-2.069628
-3.560353	-0.515317	-2.318352
-3.803991	0.249379	-2.404058
-3.688758	0.417510	-2.273813
-3.903245	0.377894	-2.668348
-3.815689	0.568895	-2.713171
-4.154977	-0.270506	-3.457606
-4.105636	-0.235731	-3.646760
-4.054192	0.098727	-3.496447
-4.106568	0.029265	-3.322057
-4.166133	-0.758749	-3.422788
-4.121302	-0.815678	-3.563041
-3.892860	-2.151052	-2.851113
-4.015925	-2.013538	-2.632791
-3.977063	-1.806647	-3.108800
-4.082898	-1.704890	-2.943385
-3.458866	1.037384	-1.040943
-3.001595	1.114104	-0.425369
-3.053590	0.450373	-0.433166
-3.416120	0.488240	-1.095125
-3.851149	0.808444	-1.845054
-3.729549	0.187636	-1.794812
-3.514183	2.182685	-1.029342
-2.749784	1.970646	-0.111668
-3.723709	2.035732	-1.851223
-3.924420	1.139376	-2.631546
-3.908814	2.060090	-2.502378
-0.950971	3.182601	1.473544
-1.075743	3.967500	1.698316
-1.498373	3.332587	1.245526
-1.635131	3.702540	1.219339
-2.014902	3.612064	0.842470
-2.064698	3.646404	0.648232
-2.275316	2.924147	0.214188
-2.467401	3.727067	0.266761
-2.551728	2.814100	0.102641
-2.855193	3.713357	-0.389262
-2.599445	2.583942	-0.003715
-3.106170	3.210413	-1.035449
-3.533447	2.618422	-1.239876
-1.055700	5.053639	0.607575
-1.771961	4.672887	0.055769
-2.234457	4.102311	-0.357324
-2.698268	4.098117	-1.093814
-3.163534	-0.157172	-0.510937
-3.264637	-0.460338	-1.555932
-1.665755	1.877406	1.880671
-1.589247	2.335099	1.560322
-1.027785	2.297350	1.713305
-2.160102	1.809853	1.591987
-2.122601	2.120374	1.272031
-2.381748	1.398838	1.331792
-2.384716	1.886060	0.936734
-2.506059	1.638013	0.723029
-2.467792	1.270042	1.074489
-2.634735	1.110305	0.519617
-2.731054	0.744887	0.393844
-2.818210	0.981080	0.008910
-2.754180	0.550371	0.361695
-2.849609	0.786575	0.014771
-2.863026	0.267495	0.020554
-2.766370	0.169373	0.426312
-2.615086	0.285069	0.612148
-2.934697	-0.256637	0.034512
-2.819676	-0.269231	0.532260
-2.676781	0.005696	0.751041
-2.947241	-0.669172	0.144963
-3.069945	-0.669828	-0.543333
-2.797481	-0.502781	0.746496
-2.643314	-0.208566	0.976692
-2.724882	-0.696504	0.930325
-2.903706	-1.054815	0.395137
-3.024440	-1.084764	-0.186616
-3.051973	-1.301816	-0.290998
-2.590883	-0.415051	1.158321
-2.204002	-0.004348	1.392202
-2.570892	-1.579952	0.775422
-2.373649	-1.924134	0.873043
-3.199415	-0.928846	-1.128163
-3.188722	-1.693405	-0.850337
-2.932205	-1.840343	-0.096359
-3.167489	-2.371886	-0.705166
-3.601784	-0.910249	-1.843156
-3.586133	-1.448853	-1.864138
-3.612391	-1.014267	-2.472355
-3.942514	-0.619315	-2.707584
-3.921526	0.329369	-3.308444
-3.936943	-1.015748	-2.684339
-3.831006	-1.318204	-2.493213
-3.821842	-1.868888	-2.118716
-3.167679	-2.974806	-1.375894
-3.513932	-3.131111	-1.842636
-3.280606	-2.479684	-1.423151
-3.053334	-2.812258	-0.669179
-2.777750	-3.465366	-0.561414
-2.852833	-2.407288	0.108064
-2.709265	-2.981356	0.212124
-2.453467	-3.580782	0.211057
-2.579171	-3.809544	-0.426578
-2.229129	-3.955907	0.301737
-2.146135	-4.234737	-0.170014
-2.747324	-2.086224	0.299591
-2.547722	-2.647509	0.577713
-1.923364	-4.183833	0.488675
-1.784185	-4.340273	0.280927
-1.574746	-4.853429	-0.347238
-1.358425	-4.521820	0.452409
-1.127186	-5.071599	-0.040990
-1.304931	-4.220667	0.873554
-0.826438	-4.763247	0.691789
-0.785217	-5.229036	-0.065539
-0.473339	-1.048373	2.334613
-0.588913	-1.679249	2.409700
-0.801846	-0.948515	2.008892
-1.019370	-0.845343	1.771955
-1.311791	-1.219780	1.656156
-1.541503	-1.742738	1.358315
-0.527925	-1.861975	2.250806
-0.630268	-2.294389	2.343991
-0.528530	-2.018134	2.241149
-0.602033	-2.426376	2.278697
-0.743872	-2.904182	2.168295
-1.023383	-2.845768	1.916364
-1.323954	-2.661412	1.682517
-0.901115	-3.283328	2.281582
-1.206213	-3.240009	1.891416
-0.733318	-3.819402	2.445562
-0.681079	-4.096788	2.199392
-1.256646	-3.768233	1.956398
-1.144829	-4.041361	1.740290
-1.380896	-4.105834	1.003719
-1.627419	-3.953244	1.235702
-1.731438	-3.534657	1.143738
-1.687780	-3.160193	1.430025
-2.246405	-2.543318	0.870625
-2.158605	-2.315714	1.013145
-2.143210	-1.832613	1.405148
-2.009747	-1.447393	1.714214
-1.558706	-3.031198	1.521529
-1.696638	-0.996747	2.003096
-0.847185	-0.676250	1.908632
-0.952937	-0.099551	2.036929
-0.797217	-0.293187	2.076258
-0.262909	-0.807196	2.582262
-0.249483	-0.716493	2.796018
-0.344611	-0.563616	3.152254
-0.322824	-0.391772	3.187157
-0.330000	-0.089759	3.001767
-0.302113	0.209664	2.702192
-0.357382	0.492336	2.296297
-0.466187	0.391123	2.172543
-0.443461	-0.161571	2.696472
-0.549030	-0.327551	2.777161
-0.495357	-0.530921	2.719398
-0.616406	-0.619552	2.500954
-0.586071	-0.877771	2.169338
-0.749194	-0.364237	2.443686
-0.726239	-0.522245	2.545763
-0.686403	-0.220701	2.306670
-0.753358	-0.693308	2.360983
-0.820809	-0.601074	2.231237
-0.759804	-0.749231	2.011770
-0.614165	0.257241	2.110878
-2.159068	0.403607	1.107213
-2.223479	0.708368	1.223899
-1.534536	0.432412	1.535323
-1.179057	0.479077	1.537413
-1.539602	0.569260	1.421124
-1.195436	0.584506	1.432064
-1.979493	0.844146	1.239000
-1.827871	0.968370	1.419194
-1.633997	1.026491	1.539672
-1.151314	1.049218	1.571983
-2.162589	0.877403	1.257397
-1.985365	1.083542	1.468982
-1.675759	1.210731	1.683692
-1.375568	1.246770	1.797083
-1.339379	1.097005	1.705498
-0.938420	1.189016	1.798720
-0.991344	1.045894	1.672846
-2.301781	1.061212	1.148011
-2.257983	1.320491	1.373055
-0.420481	1.497980	2.039042
-0.672730	1.394801	2.015457
-1.578614	4.962979	-2.941427
-2.901022	4.244934	-2.521452
-3.570454	3.921346	-4.491702
-3.601808	2.264238	-5.205498
-1.669352	4.949896	-5.425432
-2.050157	3.149934	-6.453399
-2.081511	0.807126	-7.167193
-3.610588	0.235709	-5.405361
-3.576725	-1.507111	-4.634461
-2.046395	-1.335686	-6.367742
-1.983686	-3.249932	-4.940150
-3.189576	-3.421356	-3.206773
0.194557	0.768258	2.091927
0.351954	1.408627	2.114787
0.000000	1.370302	2.116759
0.000000	0.859704	2.097175
3.355187	1.144196	2.071306
3.310854	1.534920	2.086763
3.007055	1.573417	2.092577
3.320525	0.898099	2.063318
2.102744	1.623614	2.104218
1.187072	1.581526	2.112442
0.446546	0.199799	2.067426
0.692468	-0.297544	2.045717
0.985457	-0.541894	2.033200
1.375282	-0.682785	2.023610
2.358810	-0.592065	2.016521
2.825194	-0.395829	2.019033
3.064174	-0.106134	2.027572
3.240546	0.504650	2.049093
3.593578	0.458737	-0.721419
3.669480	0.607321	-1.419319
3.670795	1.015436	-1.489781
3.595787	1.158523	-0.841816
3.740932	0.542631	-1.965453
3.741464	0.287690	-2.504816
3.742718	0.536162	-2.734451
3.742078	0.835987	-2.094817
3.741109	-0.136160	-2.872677
3.740631	-0.581414	-3.214167
3.740636	-0.769488	-3.447080
3.741398	-0.768432	-3.770095
3.742194	-0.612950	-3.919157
3.742609	-0.289736	-3.699945
3.742822	0.196627	-3.194742
-0.194557	0.768258	2.291927
-0.351954	1.408627	2.314787
-3.455187	1.144196	2.271306
-3.410854	1.534920	2.286763
-3.007055	1.573417	2.292577
-3.320525	0.898099	2.263318
-2.102744	1.623614	2.304218
-1.187072	1.581526	2.312442
-0.446546	0.199799	2.267426
-0.692468	-0.297544	2.245717
-0.985457	-0.541894	2.233200
-1.375282	-0.682785	2.223610
-2.358810	-0.592065	2.216521
-2.825194	-0.395829	2.219033
-3.064174	-0.106134	2.227572
-3.240546	0.504650	2.249093
-3.693578	0.458737	-0.721419
-3.769480	0.607321	-1.419319
-3.770795	1.015436	-1.489781
-3.695787	1.158523	-0.841816
-3.840932	0.542631	-1.965453
-3.841464	0.287690	-2.504816
-3.842718	0.536162	-2.734451
-3.842078	0.835987	-2.094817
-3.841109	-0.136160	-2.872677
-3.840631	-0.581414	-3.214167
-3.840636	-0.769488	-3.447080
-3.841398	-0.768432	-3.770095
-3.842194	-0.612950	-3.919157
-3.842609	-0.289736	-3.699945
-3.842822	0.196627	-3.194742
-0.351954	1.408627	2.114787
-0.194557	0.768258	2.091927
-3.320525	0.898099	2.063318
-3.007055	1.573417	2.092577
-3.310854	1.534920	2.086763
-3.355187	1.144196	2.071306
-3.240546	0.504650	2.049093
-3.064174	-0.106134	2.027572
-2.825194	-0.395829	2.019033
-2.358810	-0.592065	2.016521
-1.375282	-0.682785	2.023610
-0.985457	-0.541894	2.033200
-0.692468	-0.297544	2.045717
-0.446546	0.199799	2.067426
-1.187072	1.581526	2.112442
-2.102744	1.623614	2.104218
-3.595787	1.158523	-0.841816
-3.670795	1.015436	-1.489781
-3.669480	0.607321	-1.419319
-3.593578	0.458737	-0.721419
-3.742078	0.835987	-2.094817
-3.742718	0.536162	-2.734451
-3.741464	0.287690	-2.504816
-3.740932	0.542631	-1.965453
-3.741109	-0.136160	-2.872677
-3.742822	0.196627	-3.194742
-3.742609	-0.289736	-3.699945
-3.742194	-0.612950	-3.919157
-3.741398	-0.768432	-3.770095
-3.740636	-0.769488	-3.447080
-3.740631	-0.581414	-3.214167
4 20 13 14 22 
3 20 22 25 
4 26 23 24 27 
4 38 39 29 30 
3 38 30 40 
4 49 38 40 50 
4 50 40 51 52 
4 61 63 46 48 
4 62 61 48 64 
4 66 65 69 71 
4 68 66 71 74 
3 91 87 89 
3 94 49 55 
4 116 114 115 117 
4 117 115 58 118 
4 122 116 117 123 
3 125 119 126 
4 129 128 132 137 
3 50 54 49 
3 55 49 54 
3 160 161 163 
4 165 164 157 159 
4 166 165 159 162 
3 167 162 161 
4 168 167 161 160 
4 172 164 165 173 
4 173 165 166 174 
3 174 166 167 
4 177 172 173 178 
3 182 177 178 
3 173 174 178 
3 186 187 188 
4 191 188 187 192 
3 190 168 160 
4 197 191 192 198 
3 199 200 201 
3 199 201 202 
4 234 230 231 235 
3 243 244 245 
4 245 244 246 247 
4 264 265 250 266 
4 266 250 249 267 
4 267 249 253 268 
4 258 257 270 271 
4 271 270 272 273 
4 273 272 274 275 
4 278 277 279 280 
4 284 281 280 279 
4 265 264 283 285 
4 285 283 282 286 
4 288 151 77 289 
4 290 288 289 291 
4 77 292 293 289 
4 291 289 293 294 
4 291 294 295 296 
4 272 291 296 274 
4 1 297 298 2 
4 2 298 299 3 
4 3 299 300 301 
4 301 300 302 4 
4 4 302 303 5 
4 5 303 304 6 
4 6 304 305 292 
3 292 305 293 
4 298 297 306 307 
4 298 307 308 299 
4 299 308 309 300 
3 309 310 302 
3 287 151 288 
3 290 287 288 
3 256 287 290 
4 272 270 290 291 
4 295 294 293 305 
3 302 300 309 
4 7 8 15 14 
4 8 9 16 15 
4 14 15 23 22 
4 10 17 16 9 
4 31 17 10 11 
4 70 69 31 11 
4 71 69 70 72 
4 76 75 72 73 
4 74 71 72 75 
4 77 151 76 73 
4 75 76 151 149 
3 75 149 141 
4 74 75 141 136 
3 68 74 136 
4 151 287 148 149 
4 148 140 141 149 
4 140 135 136 141 
4 126 68 136 135 
4 287 208 147 148 
4 148 147 139 140 
4 134 135 140 139 
4 134 125 126 135 
4 147 146 138 139 
4 208 150 146 147 
3 207 150 208 
4 138 133 134 139 
4 124 125 134 133 
4 118 119 125 124 
4 117 118 124 123 
4 123 124 133 132 
4 132 133 138 137 
4 137 138 146 145 
4 137 145 144 129 
4 287 256 220 208 
4 208 220 219 207 
4 218 206 207 219 
4 270 257 256 290 
4 255 220 256 257 
4 254 219 220 255 
4 253 218 219 254 
4 258 259 255 257 
3 254 255 259 
5 262 258 271 273 275 
4 262 275 278 280 
4 275 274 276 278 
3 277 278 276 
4 262 280 281 261 
4 281 284 286 282 
4 261 281 282 260 
4 261 259 258 262 
5 260 282 283 264 263 
5 260 263 254 259 261 
5 263 264 266 267 268 
4 263 268 253 254 
5 252 249 250 248 251 
4 218 253 249 252 
4 217 218 252 251 
4 246 216 217 251 
4 248 247 246 251 
4 212 206 218 217 
4 216 211 212 217 
4 215 210 211 216 
4 214 209 210 215 
4 246 244 215 216 
3 206 212 205 
4 212 211 204 205 
4 209 201 200 210 
4 204 211 210 200 
4 203 202 201 209 
4 214 213 203 209 
4 243 242 213 214 
4 241 239 213 242 
4 239 236 203 213 
4 240 238 239 241 
4 269 237 238 240 
4 238 235 236 239 
4 155 152 153 156 
4 158 157 155 156 
4 120 157 158 113 
4 131 159 157 120 
3 131 163 159 
4 154 170 152 155 
4 157 164 154 155 
4 171 176 175 169 
4 172 177 176 171 
4 172 171 154 164 
4 171 169 170 154 
4 176 181 180 175 
4 177 182 181 176 
4 181 183 179 180 
4 182 184 183 181 
4 178 185 184 182 
5 178 174 167 168 185 
4 223 221 179 183 
4 184 193 223 183 
4 222 228 221 223 
4 227 226 228 222 
4 230 229 226 227 
4 193 224 222 223 
4 225 227 222 224 
4 231 230 227 225 
4 230 234 233 229 
5 234 235 238 237 233 
4 232 236 235 231 
4 225 196 232 231 
4 224 195 196 225 
4 193 189 195 224 
4 203 236 232 202 
4 196 199 202 232 
4 195 197 199 196 
4 189 191 197 195 
4 190 188 191 189 
3 168 190 189 
4 160 186 188 190 
3 163 186 160 
4 200 199 197 198 
3 198 204 200 
4 192 143 204 198 
5 186 142 143 192 187 
4 163 130 142 186 
4 142 144 204 143 
4 145 205 204 144 
4 131 127 130 163 
4 144 142 130 129 
4 127 128 129 130 
4 168 189 194 185 
4 194 193 184 185 
3 189 193 194 
4 122 123 132 128 
4 127 131 120 121 
4 127 121 122 128 
3 121 120 113 
4 116 122 121 113 
4 100 114 116 113 
4 92 93 114 100 
4 107 112 156 153 
4 108 109 112 107 
4 102 103 109 108 
4 78 95 103 102 
4 79 83 95 78 
4 80 84 83 79 
4 81 85 84 80 
4 39 85 81 82 
4 88 87 84 85 
4 86 83 84 87 
4 96 95 83 86 
4 110 103 95 96 
3 109 103 110 
4 111 112 109 110 
4 106 156 112 111 
3 158 156 106 
4 104 110 96 98 
3 111 110 104 
4 96 86 97 98 
4 87 91 97 86 
4 105 106 111 104 
4 99 105 104 98 
4 101 106 105 99 
3 101 158 106 
4 100 113 158 101 
4 92 100 101 99 
4 98 97 92 99 
4 91 93 92 97 
4 89 90 93 91 
4 88 90 89 87 
4 38 49 90 88 
4 49 94 93 90 
4 94 115 114 93 
4 55 58 115 94 
4 39 38 88 85 
4 67 68 126 119 
4 47 66 68 67 
4 67 64 48 47 
4 119 62 64 67 
4 58 62 119 118 
4 59 61 62 58 
4 56 59 58 55 
4 54 50 56 55 
4 60 63 61 59 
4 57 60 59 56 
4 50 52 57 56 
4 44 45 46 63 
4 57 53 43 60 
4 43 44 63 60 
4 51 53 57 52 
4 44 36 37 45 
4 43 35 36 44 
4 42 34 35 43 
4 41 33 34 42 
4 30 33 41 40 
4 42 43 53 41 
4 53 51 40 41 
4 28 32 37 36 
3 27 28 36 
4 27 36 35 26 
4 25 26 35 34 
4 17 31 32 28 
4 24 17 28 27 
3 16 17 24 
4 15 16 24 23 
4 19 29 82 18 
4 20 21 19 13 
3 29 19 21 
4 25 34 33 20 
3 21 20 33 
4 30 29 21 33 
4 8 7 2 3 
4 12 1 2 7 
4 7 19 18 12 
4 14 13 19 7 
5 9 8 3 301 4 
4 5 10 9 4 
4 6 292 70 11 
4 73 72 70 292 
3 77 73 292 
4 150 207 206 205 
4 145 146 150 205 
4 5 6 11 10 
4 23 26 25 22 
3 29 39 82 
3 65 66 47 
4 32 31 69 65 
4 32 65 47 37 
4 46 37 47 48 
3 37 46 45 
4 215 244 243 214 
5 311 317 308 307 306 
5 323 310 309 308 317 
4 304 303 302 310 
5 323 295 305 304 310 
3 323 324 295 
4 325 296 295 324 
4 318 317 311 312 
4 324 323 317 318 
4 319 325 324 318 
4 313 319 318 312 
4 314 320 319 313 
4 326 325 319 320 
5 276 274 296 325 326 
3 277 276 326 
3 279 277 326 
4 327 284 279 326 
4 315 321 320 314 
4 321 327 326 320 
4 316 322 321 315 
4 322 328 327 321 
4 328 286 284 327 
3 285 286 328 
3 265 285 328 
4 248 250 265 328 
3 247 248 328 
4 329 330 331 332 
4 333 334 335 336 
14 337 338 339 340 341 342 343 344 332 331 345 346 334 333 
6 335 347 348 349 350 336 
4 351 352 353 354 
7 355 356 357 358 359 360 361 
4 348 351 354 349 
4 353 352 356 355 
4 362 363 364 365 
3 366 362 365 
4 367 368 369 370 
4 371 372 373 374 
3 375 371 374 
4 376 375 374 377 
4 378 379 375 376 
4 380 381 382 383 
4 384 380 383 385 
4 386 387 388 389 
4 390 386 389 391 
3 392 393 394 
3 395 377 396 
4 397 398 399 400 
4 401 402 398 397 
4 403 397 400 404 
3 405 406 407 
4 408 409 410 411 
3 377 412 376 
3 412 377 395 
3 413 416 417 
4 414 418 419 420 
4 415 414 420 421 
3 416 415 422 
4 417 416 422 423 
4 424 420 419 425 
4 426 421 420 424 
3 422 421 426 
4 427 424 425 428 
3 427 428 429 
3 427 426 424 
3 430 431 432 
4 433 431 430 434 
3 417 423 435 
4 436 433 434 437 
3 438 439 440 
3 441 438 440 
4 442 443 444 445 
3 446 447 448 
4 449 450 447 446 
4 451 452 453 454 
4 455 456 452 451 
4 457 458 456 455 
4 459 460 461 462 
4 463 464 460 459 
4 465 466 464 463 
4 467 468 469 470 
4 468 467 471 472 
4 473 474 454 453 
4 475 476 474 473 
4 477 478 479 480 
4 481 477 480 482 
4 477 483 484 478 
4 485 483 477 481 
4 486 487 485 481 
4 466 486 481 464 
4 488 489 297 1 
4 490 491 489 488 
4 492 493 491 490 
4 494 495 493 492 
4 496 497 495 494 
4 498 499 497 496 
4 484 500 499 498 
3 483 500 484 
4 501 306 297 489 
4 491 502 501 489 
4 493 503 502 491 
3 495 504 503 
3 480 479 505 
3 480 505 482 
3 482 505 506 
4 481 482 460 464 
4 500 483 485 487 
3 503 493 495 
4 363 507 508 509 
4 507 510 511 508 
4 362 369 507 363 
4 511 510 512 513 
4 514 513 512 515 
4 514 515 387 516 
4 517 516 387 386 
4 518 517 519 520 
4 519 517 386 390 
4 518 520 479 478 
4 519 521 479 520 
3 522 521 519 
4 523 522 519 390 
3 391 523 390 
4 521 524 505 479 
4 521 522 525 524 
4 522 523 526 525 
4 526 523 391 405 
4 524 527 528 505 
4 525 529 527 524 
4 529 525 526 530 
4 526 405 407 530 
4 529 531 532 527 
4 527 532 533 528 
3 528 533 534 
4 529 530 535 531 
4 535 530 407 536 
4 536 407 406 401 
4 403 536 401 397 
4 409 535 536 403 
4 408 531 535 409 
4 537 532 531 408 
4 411 538 537 408 
4 528 539 506 505 
4 534 540 539 528 
4 540 534 541 542 
4 482 506 461 460 
4 461 506 539 543 
4 543 539 540 544 
4 544 540 542 458 
4 461 543 545 462 
3 545 543 544 
5 465 463 459 462 546 
4 467 470 465 546 
4 470 547 466 465 
3 547 470 469 
4 548 471 467 546 
4 476 475 472 471 
4 549 476 471 548 
4 546 462 545 548 
5 550 454 474 476 549 
5 548 545 544 550 549 
5 457 455 451 454 550 
4 544 458 457 550 
5 551 552 452 456 553 
4 553 456 458 542 
4 551 553 542 554 
4 551 554 555 450 
4 551 450 449 552 
4 554 542 541 556 
4 554 556 557 555 
4 555 557 558 559 
4 559 558 560 561 
4 555 559 447 450 
3 562 556 541 
4 562 563 557 556 
4 558 439 438 560 
4 439 558 557 563 
4 560 438 441 564 
4 560 564 565 561 
4 561 565 566 448 
4 566 565 567 568 
4 565 564 569 567 
4 568 567 570 571 
4 571 570 237 269 
4 567 569 442 570 
4 572 153 152 573 
4 572 573 418 574 
4 575 574 418 576 
4 576 418 414 577 
3 414 413 577 
4 573 152 170 578 
4 573 578 419 418 
4 169 175 579 580 
4 580 579 428 425 
4 419 578 580 425 
4 578 170 169 580 
4 175 180 581 579 
4 579 581 429 428 
4 180 179 582 581 
4 581 582 583 429 
4 429 583 584 427 
5 584 423 422 426 427 
4 582 179 221 585 
4 582 585 586 583 
4 585 221 228 587 
4 587 228 226 588 
4 588 226 229 444 
4 585 587 589 586 
4 589 587 588 590 
4 590 588 444 443 
4 229 233 445 444 
5 233 237 570 442 445 
4 443 442 569 591 
4 443 591 592 590 
4 590 592 593 589 
4 589 593 594 586 
4 441 591 569 564 
4 591 441 440 592 
4 592 440 437 593 
4 593 437 434 594 
4 594 434 430 435 
3 594 435 423 
4 435 430 432 417 
3 417 432 413 
4 436 437 440 439 
3 439 563 436 
4 436 563 595 433 
5 431 433 595 596 432 
4 432 596 597 413 
4 595 563 538 596 
4 538 563 562 537 
4 413 597 598 577 
4 411 597 596 538 
4 597 411 410 598 
4 584 599 594 423 
4 584 583 586 599 
3 599 586 594 
4 410 409 403 404 
4 600 576 577 598 
4 410 404 600 598 
3 575 576 600 
4 575 600 404 400 
4 575 400 399 601 
4 601 399 602 603 
4 153 572 604 107 
4 107 604 605 108 
4 108 605 606 102 
4 102 606 607 78 
4 78 607 608 79 
4 79 608 609 80 
4 80 609 610 81 
4 82 81 610 373 
4 610 609 393 611 
4 393 609 608 612 
4 612 608 607 613 
4 613 607 606 614 
3 614 606 605 
4 614 605 604 615 
4 615 604 572 616 
3 616 572 574 
4 617 613 614 618 
3 618 614 615 
4 617 619 612 613 
4 612 619 394 393 
4 618 615 616 620 
4 617 618 620 621 
4 621 620 616 622 
3 616 574 622 
4 622 574 575 601 
4 621 622 601 603 
4 621 603 619 617 
4 619 603 602 394 
4 394 602 623 392 
4 393 392 623 611 
4 611 623 377 374 
4 623 602 396 377 
4 602 399 398 396 
4 396 398 402 395 
4 610 611 374 373 
4 406 405 391 624 
4 624 391 389 625 
4 625 380 384 624 
4 624 384 385 406 
4 401 406 385 402 
4 402 385 383 626 
4 395 402 626 627 
4 395 627 376 412 
4 626 383 382 628 
4 627 626 628 629 
4 627 629 378 376 
4 382 381 630 631 
4 628 632 633 629 
4 628 382 631 632 
4 378 629 633 379 
4 630 634 635 631 
4 631 635 636 632 
4 632 636 637 638 
4 638 637 639 640 
4 375 640 639 371 
4 640 633 632 638 
4 640 375 379 633 
4 635 634 641 642 
3 635 642 367 
4 370 636 635 367 
4 637 636 370 366 
4 642 641 515 512 
4 367 642 512 368 
3 368 512 510 
4 369 368 510 507 
4 18 82 372 643 
4 364 643 644 365 
3 644 643 372 
4 365 639 637 366 
3 639 365 644 
4 639 644 372 371 
4 490 488 509 508 
4 509 488 1 12 
4 12 18 643 509 
4 509 643 364 363 
5 494 492 490 508 511 
4 494 511 513 496 
4 514 516 484 498 
4 484 516 517 518 
3 484 518 478 
4 562 541 534 533 
4 562 533 532 537 
4 513 514 498 496 
4 362 366 370 369 
3 82 373 372 
3 625 389 388 
4 388 387 515 641 
4 634 625 388 641 
4 380 625 634 381 
3 630 381 634 
4 561 448 447 559 
5 306 501 502 645 311 
5 645 502 503 504 646 
3 504 497 499 
5 504 499 500 487 646 
3 487 647 646 
4 647 487 486 648 
4 312 311 645 649 
4 649 645 646 647 
4 649 647 648 650 
4 312 649 650 313 
4 313 650 651 314 
4 651 650 648 652 
5 652 648 486 466 547 
3 652 547 469 
3 652 469 468 
4 652 468 472 653 
4 314 651 654 315 
4 651 652 653 654 
4 315 654 655 316 
4 654 653 656 655 
4 653 472 475 656 
3 656 475 473 
3 656 473 453 
4 656 453 452 552 
3 656 552 449 
9 655 656 449 446 448 566 568 571 316 
9 240 241 242 243 245 247 328 322 316 
3 269 240 316 
3 571 269 316 
4 657 658 659 660 
4 661 662 663 664 
14 664 663 665 666 658 657 667 668 669 670 671 672 673 674 
6 661 675 676 677 678 662 
4 679 680 681 682 
7 683 684 685 686 687 688 689 
4 676 679 682 677 
4 683 689 681 680 
4 658 331 330 659 
4 660 329 332 657 
4 662 335 334 663 
4 664 333 336 661 
4 663 334 346 665 
4 665 346 345 666 
4 666 345 331 658 
4 657 332 344 667 
4 667 344 343 668 
4 668 343 342 669 
4 669 342 341 670 
4 670 341 340 671 
4 671 340 339 672 
4 672 339 338 673 
4 673 338 337 674 
4 674 337 333 664 
4 661 336 350 675 
4 675 350 349 676 
4 677 348 347 678 
4 678 347 335 662 
4 679 354 353 680 
4 681 352 351 682 
4 683 355 361 684 
4 684 361 360 685 
4 685 360 359 686 
4 686 359 358 687 
4 687 358 357 688 
4 688 357 356 689 
4 676 349 354 679 
4 682 351 348 677 
4 689 356 352 681 
4 680 353 355 683 
4 690 691 330 329 
4 692 693 694 695 
14 695 694 696 697 691 690 698 699 700 701 702 703 704 705 
6 692 706 707 708 709 693 
4 710 711 712 713 
7 714 715 716 717 718 719 720 
4 707 710 713 708 
4 660 659 721 722 
4 723 724 725 726 
14 727 728 729 730 731 732 733 734 722 721 735 736 724 723 
6 725 737 738 739 740 726 
4 741 742 743 744 
7 745 746 747 748 749 750 751 
4 738 741 744 739 
4 659 330 691 721 
4 722 690 329 660 
4 724 694 693 725 
4 726 692 695 723 
4 736 696 694 724 
4 735 697 696 736 
4 721 691 697 735 
4 734 698 690 722 
4 733 699 698 734 
4 732 700 699 733 
4 731 701 700 732 
4 730 702 701 731 
4 729 703 702 730 
4 728 704 703 729 
4 727 705 704 728 
4 723 695 705 727 
4 740 706 692 726 
4 739 707 706 740 
4 737 709 708 738 
4 725 693 709 737 
4 743 711 710 744 
4 741 713 712 742 
4 751 715 714 745 
4 750 716 715 751 
4 749 717 716 750 
4 748 718 717 749 
4 747 719 718 748 
4 746 720 719 747 
4 744 710 707 739 
4 738 708 713 741 
4 742 712 720 746 
4 711 714 720 712 
4 743 742 746 745 
4 711 743 745 714 
4 161 162 159 163 
4 413 414 415 416 
3 167 166 162 
3 415 421 422 
3 504 495 497 
