data 184 176
    0.146944    -0.559174  1.28463e-08
    0.117968    -0.130977  1.03131e-08
    0.099663     0.141631  8.71282e-09
    0.095565     0.179651  8.35456e-09
    0.073195      0.38966  6.39891e-09
    0.048981     0.597189  4.28206e-09
    0.025788     0.773587  2.25446e-09
    0.023732     0.827022  2.07472e-09
    0.027369     0.833188  2.39267e-09
    0.032205     0.841408  2.81545e-09
    0.034402     0.850656  3.00752e-09
    0.035721     0.860931  3.12283e-09
    0.036161     0.872234   3.1613e-09
    0.035721     0.883537  3.12283e-09
    0.034842     0.895475  3.04598e-09
    0.033963     0.909226  2.96914e-09
    0.031325     0.924733  2.73852e-09
    0.027809     0.940997  2.43114e-09
    0.022973     0.957261  2.00836e-09
    0.016784     0.973965   1.4673e-09
    0.010276     0.986723  8.98356e-10
    0.003391     0.998079  2.96451e-10
           0            1            0
    0.103905    -0.559174     0.103905
    0.083416    -0.130977     0.083416
   0.0704724     0.141631    0.0704724
   0.0675747     0.179651    0.0675747
   0.0517567      0.38966    0.0517567
   0.0346348     0.597189    0.0346348
   0.0182349     0.773587    0.0182349
   0.0167811     0.827022    0.0167811
   0.0193528     0.833188    0.0193528
   0.0227724     0.841408    0.0227724
   0.0243259     0.850656    0.0243259
   0.0252586     0.860931    0.0252586
   0.0255697     0.872234    0.0255697
   0.0252586     0.883537    0.0252586
    0.024637     0.895475     0.024637
   0.0240155     0.909226    0.0240155
   0.0221501     0.924733    0.0221501
   0.0196639     0.940997    0.0196639
   0.0162444     0.957261    0.0162444
   0.0118681     0.973965    0.0118681
  0.00726623     0.986723   0.00726623
   0.0023978     0.998079    0.0023978
           0            1            0
 6.42317e-09    -0.559174     0.146944
 5.15655e-09    -0.130977     0.117968
 4.35641e-09     0.141631     0.099663
 4.17728e-09     0.179651     0.095565
 3.19945e-09      0.38966     0.073195
 2.14103e-09     0.597189     0.048981
 1.12723e-09     0.773587     0.025788
 1.03736e-09     0.827022     0.023732
 1.19633e-09     0.833188     0.027369
 1.40772e-09     0.841408     0.032205
 1.50376e-09     0.850656     0.034402
 1.56142e-09     0.860931     0.035721
 1.58065e-09     0.872234     0.036161
 1.56142e-09     0.883537     0.035721
 1.52299e-09     0.895475     0.034842
 1.48457e-09     0.909226     0.033963
 1.36926e-09     0.924733     0.031325
 1.21557e-09     0.940997     0.027809
 1.00418e-09     0.957261     0.022973
 7.33648e-10     0.973965     0.016784
 4.49178e-10     0.986723     0.010276
 1.48226e-10     0.998079     0.003391
           0            1            0
   -0.103905    -0.559174     0.103905
   -0.083416    -0.130977     0.083416
  -0.0704724     0.141631    0.0704724
  -0.0675747     0.179651    0.0675747
  -0.0517567      0.38966    0.0517567
  -0.0346348     0.597189    0.0346348
  -0.0182349     0.773587    0.0182349
  -0.0167811     0.827022    0.0167811
  -0.0193528     0.833188    0.0193528
  -0.0227724     0.841408    0.0227724
  -0.0243259     0.850656    0.0243259
  -0.0252586     0.860931    0.0252586
  -0.0255697     0.872234    0.0255697
  -0.0252586     0.883537    0.0252586
   -0.024637     0.895475     0.024637
  -0.0240155     0.909226    0.0240155
  -0.0221501     0.924733    0.0221501
  -0.0196639     0.940997    0.0196639
  -0.0162444     0.957261    0.0162444
  -0.0118681     0.973965    0.0118681
 -0.00726623     0.986723   0.00726623
  -0.0023978     0.998079    0.0023978
           0            1            0
   -0.146944    -0.559174 -2.56926e-08
   -0.117968    -0.130977 -2.06262e-08
   -0.099663     0.141631 -1.74256e-08
   -0.095565     0.179651 -1.67091e-08
   -0.073195      0.38966 -1.27978e-08
   -0.048981     0.597189 -8.56411e-09
   -0.025788     0.773587 -4.50892e-09
   -0.023732     0.827022 -4.14944e-09
   -0.027369     0.833188 -4.78534e-09
   -0.032205     0.841408  -5.6309e-09
   -0.034402     0.850656 -6.01504e-09
   -0.035721     0.860931 -6.24566e-09
   -0.036161     0.872234  -6.3226e-09
   -0.035721     0.883537 -6.24566e-09
   -0.034842     0.895475 -6.09196e-09
   -0.033963     0.909226 -5.93828e-09
   -0.031325     0.924733 -5.47704e-09
   -0.027809     0.940997 -4.86228e-09
   -0.022973     0.957261 -4.01672e-09
   -0.016784     0.973965  -2.9346e-09
   -0.010276     0.986723 -1.79671e-09
   -0.003391     0.998079 -5.92902e-10
           0            1            0
   -0.103905    -0.559174    -0.103905
   -0.083416    -0.130977    -0.083416
  -0.0704724     0.141631   -0.0704724
  -0.0675747     0.179651   -0.0675747
  -0.0517567      0.38966   -0.0517567
  -0.0346348     0.597189   -0.0346348
  -0.0182349     0.773587   -0.0182349
  -0.0167811     0.827022   -0.0167811
  -0.0193528     0.833188   -0.0193528
  -0.0227724     0.841408   -0.0227724
  -0.0243259     0.850656   -0.0243259
  -0.0252586     0.860931   -0.0252586
  -0.0255697     0.872234   -0.0255697
  -0.0252586     0.883537   -0.0252586
   -0.024637     0.895475    -0.024637
  -0.0240155     0.909226   -0.0240155
  -0.0221501     0.924733   -0.0221501
  -0.0196639     0.940997   -0.0196639
  -0.0162444     0.957261   -0.0162444
  -0.0118681     0.973965   -0.0118681
 -0.00726623     0.986723  -0.00726623
  -0.0023978     0.998079   -0.0023978
           0            1            0
 -1.1094e-08    -0.559174    -0.146944
-8.90634e-09    -0.130977    -0.117968
-7.52435e-09     0.141631    -0.099663
-7.21496e-09     0.179651    -0.095565
-5.52607e-09      0.38966    -0.073195
-3.69797e-09     0.597189    -0.048981
-1.94694e-09     0.773587    -0.025788
-1.79172e-09     0.827022    -0.023732
 -2.0663e-09     0.833188    -0.027369
-2.43141e-09     0.841408    -0.032205
-2.59728e-09     0.850656    -0.034402
-2.69686e-09     0.860931    -0.035721
-2.73008e-09     0.872234    -0.036161
-2.69686e-09     0.883537    -0.035721
-2.63049e-09     0.895475    -0.034842
-2.56414e-09     0.909226    -0.033963
-2.36497e-09     0.924733    -0.031325
-2.09952e-09     0.940997    -0.027809
-1.73441e-09     0.957261    -0.022973
-1.26715e-09     0.973965    -0.016784
-7.75816e-10     0.986723    -0.010276
-2.56014e-10     0.998079    -0.003391
           0            1            0
    0.103905    -0.559174    -0.103905
   0.0834159    -0.130977    -0.083416
   0.0704724     0.141631   -0.0704724
   0.0675746     0.179651   -0.0675747
   0.0517567      0.38966   -0.0517567
   0.0346348     0.597189   -0.0346348
   0.0182349     0.773587   -0.0182349
   0.0167811     0.827022   -0.0167811
   0.0193528     0.833188   -0.0193528
   0.0227724     0.841408   -0.0227724
   0.0243259     0.850656   -0.0243259
   0.0252586     0.860931   -0.0252586
   0.0255697     0.872234   -0.0255697
   0.0252586     0.883537   -0.0252586
    0.024637     0.895475    -0.024637
   0.0240155     0.909226   -0.0240155
   0.0221501     0.924733   -0.0221501
   0.0196639     0.940997   -0.0196639
   0.0162444     0.957261   -0.0162444
   0.0118681     0.973965   -0.0118681
  0.00726623     0.986723  -0.00726623
   0.0023978     0.998079   -0.0023978
           0            1            0
4	    24    25     2     1
4	    25    26     3     2
4	    26    27     4     3
4	    27    28     5     4
4	    28    29     6     5
4	    29    30     7     6
4	    30    31     8     7
4	    31    32     9     8
4	    32    33    10     9
4	    33    34    11    10
4	    34    35    12    11
4	    35    36    13    12
4	    36    37    14    13
4	    37    38    15    14
4	    38    39    16    15
4	    39    40    17    16
4	    40    41    18    17
4	    41    42    19    18
4	    42    43    20    19
4	    43    44    21    20
4	    44    45    22    21
4	    45    46    23    22
4	    47    48    25    24
4	    48    49    26    25
4	    49    50    27    26
4	    50    51    28    27
4	    51    52    29    28
4	    52    53    30    29
4	    53    54    31    30
4	    54    55    32    31
4	    55    56    33    32
4	    56    57    34    33
4	    57    58    35    34
4	    58    59    36    35
4	    59    60    37    36
4	    60    61    38    37
4	    61    62    39    38
4	    62    63    40    39
4	    63    64    41    40
4	    64    65    42    41
4	    65    66    43    42
4	    66    67    44    43
4	    67    68    45    44
4	    68    69    46    45
4	    70    71    48    47
4	    71    72    49    48
4	    72    73    50    49
4	    73    74    51    50
4	    74    75    52    51
4	    75    76    53    52
4	    76    77    54    53
4	    77    78    55    54
4	    78    79    56    55
4	    79    80    57    56
4	    80    81    58    57
4	    81    82    59    58
4	    82    83    60    59
4	    83    84    61    60
4	    84    85    62    61
4	    85    86    63    62
4	    86    87    64    63
4	    87    88    65    64
4	    88    89    66    65
4	    89    90    67    66
4	    90    91    68    67
4	    91    92    69    68
4	    93    94    71    70
4	    94    95    72    71
4	    95    96    73    72
4	    96    97    74    73
4	    97    98    75    74
4	    98    99    76    75
4	    99   100    77    76
4	   100   101    78    77
4	   101   102    79    78
4	   102   103    80    79
4	   103   104    81    80
4	   104   105    82    81
4	   105   106    83    82
4	   106   107    84    83
4	   107   108    85    84
4	   108   109    86    85
4	   109   110    87    86
4	   110   111    88    87
4	   111   112    89    88
4	   112   113    90    89
4	   113   114    91    90
4	   114   115    92    91
4	   116   117    94    93
4	   117   118    95    94
4	   118   119    96    95
4	   119   120    97    96
4	   120   121    98    97
4	   121   122    99    98
4	   122   123   100    99
4	   123   124   101   100
4	   124   125   102   101
4	   125   126   103   102
4	   126   127   104   103
4	   127   128   105   104
4	   128   129   106   105
4	   129   130   107   106
4	   130   131   108   107
4	   131   132   109   108
4	   132   133   110   109
4	   133   134   111   110
4	   134   135   112   111
4	   135   136   113   112
4	   136   137   114   113
4	   137   138   115   114
4	   139   140   117   116
4	   140   141   118   117
4	   141   142   119   118
4	   142   143   120   119
4	   143   144   121   120
4	   144   145   122   121
4	   145   146   123   122
4	   146   147   124   123
4	   147   148   125   124
4	   148   149   126   125
4	   149   150   127   126
4	   150   151   128   127
4	   151   152   129   128
4	   152   153   130   129
4	   153   154   131   130
4	   154   155   132   131
4	   155   156   133   132
4	   156   157   134   133
4	   157   158   135   134
4	   158   159   136   135
4	   159   160   137   136
4	   160   161   138   137
4	   162   163   140   139
4	   163   164   141   140
4	   164   165   142   141
4	   165   166   143   142
4	   166   167   144   143
4	   167   168   145   144
4	   168   169   146   145
4	   169   170   147   146
4	   170   171   148   147
4	   171   172   149   148
4	   172   173   150   149
4	   173   174   151   150
4	   174   175   152   151
4	   175   176   153   152
4	   176   177   154   153
4	   177   178   155   154
4	   178   179   156   155
4	   179   180   157   156
4	   180   181   158   157
4	   181   182   159   158
4	   182   183   160   159
4	   183   184   161   160
4	     1     2   163   162
4	     2     3   164   163
4	     3     4   165   164
4	     4     5   166   165
4	     5     6   167   166
4	     6     7   168   167
4	     7     8   169   168
4	     8     9   170   169
4	     9    10   171   170
4	    10    11   172   171
4	    11    12   173   172
4	    12    13   174   173
4	    13    14   175   174
4	    14    15   176   175
4	    15    16   177   176
4	    16    17   178   177
4	    17    18   179   178
4	    18    19   180   179
4	    19    20   181   180
4	    20    21   182   181
4	    21    22   183   182
4	    22    23   184   183

