 data    60    32
 0.35599604   6.457282e-9   -1.0
 0.11000903   0.333333   -1.0
 -0.28800696   0.206011   -1.0
 -0.28800696   -0.206011   -1.0
 0.11000903   -0.333333   -1.0
 0.82200205   0.333333   -0.548232
 0.71199304   6.457282e-9   -0.774116
 0.82200205   -0.333333   -0.548232
 1.0   -0.206011   -0.182744
 1.0   0.206011   -0.182744
 0.57601404   0.412023   0.774116
 0.46600503   0.745356   0.548232
 0.68602306   0.745356   0.182744
 0.93201107   0.412023   0.182744
 0.86402106   0.206011   0.548232
 0.22001803   0.666667   -0.774116
 0.57601404   0.666667   -0.548232
 0.50802505   0.872678   -0.182744
 0.11000903   1.0   -0.182744
 -0.06798927   0.872678   -0.548232
 0.06798923   0.872678   0.548232
 -0.22001797   0.666667   0.774116
 -0.5760139   0.666667   0.548232
 -0.50802493   0.872678   0.182744
 -0.11000897   1.0   0.182744
 -0.5760139   0.412023   -0.774116
 -0.46600497   0.745356   -0.548232
 -0.68602294   0.745356   -0.182744
 -0.93201095   0.412023   -0.182744
 -0.86402196   0.206011   -0.548232
 -0.82200193   0.333333   0.548232
 -0.7119929   6.457282e-9   0.774116
 -0.82200193   -0.333333   0.548232
 -0.99999994   -0.206011   0.182744
 -0.99999994   0.206011   0.182744
 -0.5760139   -0.412023   -0.774116
 -0.86402196   -0.206011   -0.548232
 -0.93201095   -0.412023   -0.182744
 -0.68602294   -0.745356   -0.182744
 -0.46600497   -0.745356   -0.548232
 -0.5760139   -0.666667   0.548232
 -0.22001797   -0.666667   0.774116
 0.06798923   -0.872678   0.548232
 -0.11000897   -1.0   0.182744
 -0.50802493   -0.872678   0.182744
 0.22001803   -0.666667   -0.774116
 -0.06798927   -0.872678   -0.548232
 0.11000903   -1.0   -0.182744
 0.50802505   -0.872678   -0.182744
 0.57601404   -0.666667   -0.548232
 0.46600503   -0.745356   0.548232
 0.57601404   -0.412023   0.774116
 0.86402106   -0.206011   0.548232
 0.93201107   -0.412023   0.182744
 0.68602306   -0.745356   0.182744
 -0.11000897   0.333333   1.0
 0.28800702   0.206011   1.0
 0.28800702   -0.206011   1.0
 -0.11000897   -0.333333   1.0
 -0.35599598   6.457282e-9   1.0
   6   1   7   6   17   16   2
   6   2   16   20   27   26   3
   6   3   26   30   37   36   4
   6   4   36   40   47   46   5
   6   5   46   50   8   7   1
   6   56   22   21   12   11   57
   6   60   32   31   23   22   56
   6   59   42   41   33   32   60
   6   58   52   51   43   42   59
   6   57   11   15   53   52   58
   6   10   14   13   18   17   6
   6   12   21   25   19   18   13
   6   19   25   24   28   27   20
   6   23   31   35   29   28   24
   6   29   35   34   38   37   30
   6   33   41   45   39   38   34
   6   39   45   44   48   47   40
   6   43   51   55   49   48   44
   6   49   55   54   9   8   50
   6   53   15   14   10   9   54
   5   1   2   3   4   5
   5   6   7   8   9   10
   5   11   12   13   14   15
   5   16   17   18   19   20
   5   21   22   23   24   25
   5   26   27   28   29   30
   5   31   32   33   34   35
   5   36   37   38   39   40
   5   41   42   43   44   45
   5   46   47   48   49   50
   5   51   52   53   54   55
   5   56   57   58   59   60