data 32
        0.855            0            0            0
            1          0.5            0            0
            0            0         0.76            0
            1        0.133            0            0
            0          0.3            0            0
          0.3            0          0.3            0
        0.855            0            0            0
            1          0.5            0            0
            0            0         0.76            0
            1        0.133            0            0
            0          0.3            0            0
        0.855            0            0            0
            1          0.5            0            0
            0            0         0.76            0
            1        0.133            0            0
            0          0.3            0            0
          0.3            0          0.3            0
        0.855            0            0            0
            1          0.5            0            0
            0            0         0.76            0
            1        0.133            0            0
            0          0.3            0            0
          0.3            0          0.3            0
            1          0.5            0            0
            0            0         0.76            0
            1        0.133            0            0
            0          0.3            0            0
          0.3            0          0.3            0
        0.855            0            0            0
            1          0.5            0            0
            0            0         0.76            0
            1        0.133            0            0

