data 32
            .7           .71           .8            1
            .7           .71           .8            1
            .7           .71           .8            1
            .7           .71           .8            1
            .7           .71           .8            1
            .7           .71           .8            1
            .7           .71           .8            1
            .7           .71           .8            1
            .7           .71           .8            1
            .7           .71           .8            1
            .7           .71           .8            1
            .7           .71           .8            1
            .7           .71           .8            1
            .7           .71           .8            1
            .7           .71           .8            1
            .7           .71           .8            1
            .7           .71           .8            1
            .7           .71           .8            1
            .7           .71           .8            1
            .7           .71           .8            1
          .776           .22          .12            1
          .776           .22          .12            1
          .776           .22          .12            1
          .776           .22          .12            1
          .776           .22          .12            1
          .776           .22          .12            1
          .776           .22          .12            1
          .776           .22          .12            1
          .776           .22          .12            1
          .776           .22          .12            1
          .776           .22          .12            1
          .776           .22          .12            1

