data 32
            1            1            1            1
            1            1            1            1
            1            1            1            1
            1            1            1            1
            1            1            1            1
            1            1            1            1
            1            1            1            1
            1            1            1            1
            1            1            1            1
            1            1            1            1
            1            1            1            1
            1            1            1            1
            1            1            1            1
            1            1            1            1
            1            1            1            1
            1            1            1            1
            1            1            1            1
            1            1            1            1
            1            1            1            1
            1            1            1            1
          .976           .3           .3            1
          .976           .3           .3            1
          .976           .3           .3            1
          .976           .3           .3            1
          .976           .3           .3            1
          .976           .3           .3            1
          .976           .3           .3            1
          .976           .3           .3            1
          .976           .3           .3            1
          .976           .3           .3            1
          .976           .3           .3            1
          .976           .3           .3            1

